[INFO] Not using threads
[INFO] Using random seed = 312
[INFO] Using simulation clock tick = 0.1
[INFO] Total experiment length in clock ticks = 500
[INFO] Loaded library "./build/controllers/footbot/libfootbot_segregation_controller.dylib"
[INFO] Loaded library "././build/loop_functions/libsegregation_loop_function.dylib"
[INFO] The physics engine "dyn2d" will perform 10 iterations per tick (dt = 0.01 sec)
[INFO] No visualization selected.
0,0,-0.945456,-0.0462858,-1.29333,0,0,1.04787,-0.0674041,-0.739545,
0,0,-0.947099,-0.040515,-1.12191,0,0,1.04344,-0.0633602,-0.56812,
0,0,-0.949886,-0.0344679,-0.931435,0,0,1.03789,-0.0596824,-0.377649,
0,0,-0.953756,-0.0290522,-0.740964,0,0,1.03175,-0.0571112,-0.187178,
0,0,-0.958581,-0.024467,-0.550493,0,0,1.02523,-0.0557488,0.00329379,
0,0,-0.964186,-0.0208782,-0.360021,0,0,1.01858,-0.0556445,0.193765,
0,1,-0.97037,-0.0184155,-0.16955,0,0,1.01202,-0.0568021,0.384237,
0,1,-0.960437,-0.0199041,-0.064784,0,0,1.00581,-0.0591797,0.574708,
0,1,-0.947148,-0.0209059,0.0304589,0,0,1.00015,-0.0626913,0.76518,
0,1,-0.933823,-0.0206268,0.125702,0,0,0.995265,-0.0672099,0.955651,
0,1,-0.920585,-0.0190818,0.220945,0,0,0.991322,-0.0725721,1.14612,
0,0,-0.907555,-0.0162849,0.316187,0,0,0.988465,-0.0785839,1.33659,
0,0,-0.910681,-0.0175291,0.497136,0,0,0.986797,-0.0850278,1.52707,
0,0,-0.916589,-0.020598,0.687607,0,0,0.98638,-0.0916709,1.71754,
0,0,-0.921812,-0.0247243,0.878079,0,0,0.987229,-0.0982728,1.90801,
0,0,-0.926159,-0.0297648,1.06855,0,0,0.989311,-0.104595,2.09848,
0,0,-0.929473,-0.0355371,1.25902,0,0,0.992553,-0.110408,2.28895,
0,0,-0.931635,-0.0418325,1.44949,0,0,0.996837,-0.115502,2.47942,
0,0,-0.932565,-0.0484233,1.63996,0,0,1.00201,-0.119694,2.66989,
0,0,-0.932231,-0.055071,1.83044,0,1,1.00788,-0.12283,2.86037,
0,0,-0.930645,-0.0615353,2.02091,0,1,0.998173,-0.120244,2.96513,
0,0,-0.927863,-0.0675823,2.21138,0,1,0.985079,-0.117767,3.06037,
0,0,-0.923987,-0.0729933,2.40185,0,1,0.971806,-0.116559,-3.12757,
0,0,-0.919156,-0.0775726,2.59232,0,1,0.958479,-0.11662,-3.03233,
0,0,-0.913546,-0.0811546,2.78279,0,1,0.945217,-0.117947,-2.93708,
0,0,-0.907359,-0.0836097,2.97326,0,0,0.932142,-0.120529,-2.84184,
0,0,-0.900819,-0.0848491,-3.11945,0,0,0.935289,-0.119337,-2.66089,
0,0,-0.894163,-0.0848279,-2.92898,0,0,0.941246,-0.116365,-2.47042,
0,0,-0.887632,-0.083547,-2.73851,0,0,0.946536,-0.112325,-2.27995,
0,0,-0.88146,-0.0810526,-2.54803,0,0,0.950965,-0.107357,-2.08948,
0,0,-0.875873,-0.077435,-2.35756,0,0,0.954374,-0.10164,-1.89901,
0,0,-0.871072,-0.0728251,-2.16709,0,0,0.956639,-0.0953808,-1.70853,
0,0,-0.86723,-0.0673896,-1.97662,0,0,0.957677,-0.0888062,-1.51806,
0,0,-0.864487,-0.061325,-1.78615,0,0,0.957453,-0.0821539,-1.32759,
0,0,-0.862942,-0.0548507,-1.59568,0,0,0.955973,-0.0756644,-1.13712,
0,0,-0.86265,-0.048201,-1.40521,0,0,0.953291,-0.0695725,-0.946649,
0,0,-0.863622,-0.0416163,-1.21473,0,0,0.949504,-0.0640985,-0.756177,
0,0,-0.865824,-0.0353347,-1.02426,0,0,0.944749,-0.0594404,-0.565706,
0,0,-0.869175,-0.0295836,-0.833792,0,0,0.939199,-0.0557667,-0.375234,
0,0,-0.873554,-0.0245709,-0.643321,0,0,0.933053,-0.0532103,-0.184763,
0,0,-0.878803,-0.0204779,-0.452849,0,0,0.926535,-0.0518636,0.00570846,
0,1,-0.884732,-0.0174527,-0.262378,0,0,0.919879,-0.0517754,0.19618,
0,1,-0.874979,-0.0198556,-0.157612,0,0,0.913327,-0.0529488,0.386651,
0,1,-0.86184,-0.022085,-0.0623693,0,0,0.907116,-0.0553414,0.577123,
0,1,-0.848547,-0.0230422,0.0328736,0,0,0.90147,-0.0588666,0.767594,
0,1,-0.835223,-0.0227309,0.128116,0,0,0.896594,-0.0633971,0.958066,
0,1,-0.821989,-0.0211539,0.223359,0,0,0.892663,-0.0687687,1.14854,
0,0,-0.808965,-0.0183255,0.318602,0,0,0.889821,-0.0747874,1.33901,
0,0,-0.812089,-0.0195773,0.499551,0,0,0.888169,-0.0812354,1.52948,
0,0,-0.817989,-0.0226604,0.690022,0,0,0.887768,-0.0878794,1.71995,
0,0,-0.823202,-0.0267993,0.880494,0,0,0.888632,-0.0944793,1.91042,
0,0,-0.827537,-0.0318503,1.07096,0,0,0.89073,-0.100796,2.10089,
0,0,-0.830837,-0.0376306,1.26144,0,0,0.893986,-0.106602,2.29137,
0,0,-0.832983,-0.0439312,1.45191,0,0,0.898282,-0.111686,2.48184,
0,0,-0.833898,-0.0505242,1.64238,0,0,0.903463,-0.115864,2.67231,
0,0,-0.833548,-0.0571711,1.83285,0,1,0.909342,-0.118987,2.86278,
0,0,-0.831946,-0.0636315,2.02332,0,1,0.89963,-0.116424,2.96755,
0,0,-0.82915,-0.0696718,2.21379,0,1,0.886529,-0.113979,3.06279,
0,0,-0.82526,-0.0750735,2.40426,0,1,0.873254,-0.112803,-3.12515,
0,0,-0.820419,-0.0796411,2.59474,0,1,0.859926,-0.112895,-3.02991,
0,0,-0.8148,-0.0832095,2.78521,0,1,0.846668,-0.114255,-2.93467,
0,0,-0.808607,-0.0856496,2.97568,0,0,0.8336,-0.116869,-2.83943,
0,0,-0.802064,-0.0868732,-3.11703,0,0,0.836743,-0.115668,-2.65848,
0,0,-0.795408,-0.086836,-2.92656,0,0,0.842693,-0.112683,-2.46801,
0,0,-0.78888,-0.0855393,-2.73609,0,0,0.847973,-0.10863,-2.27753,
0,0,-0.782715,-0.08303,-2.54562,0,0,0.852391,-0.103651,-2.08706,
0,0,-0.777136,-0.079399,-2.35515,0,0,0.855786,-0.0979256,-1.89659,
0,0,-0.772346,-0.0747775,-2.16468,0,0,0.858035,-0.0916611,-1.70612,
0,0,-0.768517,-0.0693326,-1.97421,0,0,0.859058,-0.0850841,-1.51565,
0,0,-0.765789,-0.0632615,-1.78373,0,0,0.858817,-0.0784323,-1.32518,
0,0,-0.764259,-0.0567835,-1.59326,0,0,0.857322,-0.0719464,-1.13471,
0,0,-0.763983,-0.0501331,-1.40279,0,0,0.854625,-0.065861,-0.944234,
0,0,-0.764972,-0.0435507,-1.21232,0,0,0.850825,-0.0603961,-0.753763,
0,0,-0.767189,-0.0372745,-1.02185,0,0,0.846059,-0.0557495,-0.563291,
0,0,-0.770553,-0.0315315,-0.831377,0,0,0.8405,-0.0520893,-0.37282,
0,0,-0.774945,-0.0265294,-0.640906,0,0,0.834348,-0.0495477,-0.182348,
0,0,-0.780203,-0.0224491,-0.450435,0,0,0.827826,-0.0482168,0.00812312,
0,1,-0.78614,-0.0194382,-0.259963,0,0,0.821171,-0.0481446,0.198595,
0,1,-0.776381,-0.0218176,-0.155197,0,0,0.814622,-0.0493338,0.389066,
0,1,-0.763237,-0.0240152,-0.0599546,0,0,0.808416,-0.0517414,0.579537,
0,1,-0.749942,-0.0249403,0.0352882,0,0,0.802779,-0.0552803,0.770009,
0,1,-0.736618,-0.0245968,0.130531,0,0,0.797913,-0.0598225,0.96048,
0,1,-0.723388,-0.0229879,0.225774,0,0,0.793996,-0.0652036,1.15095,
0,0,-0.710371,-0.0201281,0.321017,0,0,0.791168,-0.0712292,1.34142,
0,0,-0.713492,-0.0213874,0.501965,0,0,0.789532,-0.0776811,1.53189,
0,0,-0.719384,-0.0244848,0.692437,0,0,0.789147,-0.0843261,1.72237,
0,0,-0.724587,-0.0286362,0.882908,0,0,0.790027,-0.0909238,1.91284,
0,0,-0.72891,-0.0336976,1.07338,0,0,0.79214,-0.0972356,2.10331,
0,0,-0.732196,-0.0394859,1.26385,0,0,0.79541,-0.103033,2.29378,
0,0,-0.734327,-0.0457916,1.45432,0,0,0.799718,-0.108107,2.48425,
0,0,-0.735226,-0.0523868,1.64479,0,0,0.804909,-0.112273,2.67472,
0,0,-0.73486,-0.0590329,1.83527,0,1,0.810795,-0.115381,2.86519,
0,0,-0.733242,-0.0654894,2.02574,0,1,0.801077,-0.112842,2.96996,
0,0,-0.730431,-0.071523,2.21621,0,1,0.787971,-0.110428,3.0652,
0,0,-0.726529,-0.0769152,2.40668,0,1,0.774693,-0.109285,-3.12274,
0,0,-0.721677,-0.0814711,2.59715,0,1,0.761366,-0.109409,-3.0275,
0,0,-0.716049,-0.085026,2.78762,0,1,0.748111,-0.110801,-2.93225,
0,0,-0.709851,-0.0874511,2.97809,0,0,0.735049,-0.113446,-2.83701,
0,0,-0.703305,-0.0886589,-3.11462,0,0,0.738189,-0.112238,-2.65606,
0,0,-0.696649,-0.0886056,-2.92415,0,0,0.744132,-0.109238,-2.46559,
0,0,-0.690124,-0.0872931,-2.73368,0,0,0.749402,-0.105173,-2.27512,
0,0,-0.683965,-0.084769,-2.54321,0,0,0.753808,-0.100183,-2.08465,
0,0,-0.678395,-0.0811245,-2.35273,0,0,0.757189,-0.0944495,-1.89418,
0,0,-0.673616,-0.0764914,-2.16226,0,0,0.759423,-0.0881796,-1.70371,
0,0,-0.6698,-0.0710374,-1.97179,0,0,0.76043,-0.0816001,-1.51323,
0,0,-0.667087,-0.0649596,-1.78132,0,0,0.760173,-0.0749489,-1.32276,
0,0,-0.665572,-0.058478,-1.59085,0,0,0.758662,-0.0684666,-1.13229,
0,0,-0.665313,-0.0518269,-1.40038,0,0,0.755951,-0.0623877,-0.941819,
0,0,-0.666317,-0.045247,-1.20991,0,0,0.752138,-0.0569321,-0.751348,
0,0,-0.668549,-0.0389762,-1.01943,0,0,0.747361,-0.052297,-0.560876,
0,0,-0.671928,-0.0332413,-0.828963,0,0,0.741792,-0.0486502,-0.370405,
0,0,-0.676331,-0.0282498,-0.638491,0,0,0.735634,-0.0461235,-0.179934,
0,0,-0.681599,-0.0241822,-0.44802,0,0,0.729109,-0.0448083,0.0105378,
0,1,-0.687543,-0.0211856,-0.257549,0,0,0.722454,-0.0447522,0.201009,
0,1,-0.677779,-0.0235415,-0.152783,0,0,0.715907,-0.0459572,0.391481,
0,1,-0.664629,-0.0257073,-0.05754,0,0,0.709708,-0.0483798,0.581952,
0,1,-0.651332,-0.0266003,0.0377029,0,0,0.704079,-0.0519323,0.772423,
0,1,-0.638009,-0.0262246,0.132946,0,0,0.699224,-0.0564862,0.962895,
0,1,-0.624783,-0.0245838,0.228189,0,0,0.69532,-0.0618768,1.15337,
0,0,-0.611773,-0.0216925,0.323431,0,0,0.692507,-0.0679091,1.34384,
0,0,-0.61489,-0.0229594,0.50438,0,0,0.690886,-0.074365,1.53431,
0,0,-0.620776,-0.026071,0.694851,0,0,0.690517,-0.0810109,1.72478,
0,0,-0.625968,-0.030235,0.885323,0,0,0.691413,-0.0876065,1.91525,
0,0,-0.630279,-0.0353068,1.07579,0,0,0.693542,-0.0939131,2.10572,
0,0,-0.633551,-0.041103,1.26627,0,0,0.696826,-0.0997028,2.29619,
0,0,-0.635667,-0.0474139,1.45674,0,0,0.701146,-0.104766,2.48667,
0,0,-0.63655,-0.0540112,1.64721,0,0,0.706347,-0.10892,2.67714,
0,0,-0.636168,-0.0606564,1.83768,0,1,0.712241,-0.112013,2.86761,
0,0,-0.634535,-0.067109,2.02815,0,1,0.702516,-0.109497,2.97237,
0,0,-0.631709,-0.0731357,2.21862,0,1,0.689405,-0.107116,3.06762,
0,0,-0.627794,-0.0785185,2.40909,0,1,0.676123,-0.106004,-3.12032,
0,0,-0.62293,-0.0830627,2.59957,0,1,0.662797,-0.106161,-3.02508,
0,0,-0.617294,-0.086604,2.79004,0,1,0.649545,-0.107584,-2.92984,
0,0,-0.61109,-0.0890142,2.98051,0,0,0.63649,-0.110261,-2.8346,
0,0,-0.604541,-0.0902061,-3.11221,0,0,0.639627,-0.109046,-2.65365,
0,0,-0.597886,-0.0901367,-2.92173,0,0,0.645563,-0.106031,-2.46318,
0,0,-0.591363,-0.0888085,-2.73126,0,0,0.650823,-0.101953,-2.2727,
0,0,-0.58521,-0.0862695,-2.54079,0,0,0.655217,-0.096953,-2.08223,
0,0,-0.57965,-0.0826116,-2.35032,0,0,0.658584,-0.0912114,-1.89176,
0,0,-0.574882,-0.077967,-2.15985,0,0,0.660803,-0.0849362,-1.70129,
0,0,-0.571079,-0.0725037,-1.96938,0,0,0.661794,-0.0783542,-1.51082,
0,0,-0.56838,-0.0664195,-1.77891,0,0,0.661521,-0.0717037,-1.32035,
0,0,-0.566882,-0.0599342,-1.58843,0,0,0.659994,-0.0652251,-1.12988,
0,0,-0.566638,-0.0532825,-1.39796,0,0,0.657268,-0.0591527,-0.939405,
0,0,-0.567658,-0.046705,-1.20749,0,0,0.653442,-0.0537063,-0.748933,
0,0,-0.569905,-0.0404396,-1.01702,0,0,0.648654,-0.0490828,-0.558462,
0,0,-0.573298,-0.0347129,-0.826548,0,0,0.643077,-0.0454494,-0.36799,
0,0,-0.577713,-0.029732,-0.636077,0,0,0.636913,-0.0429376,-0.177519,
0,0,-0.582992,-0.0256772,-0.445605,0,0,0.630385,-0.0416382,0.0129525,
0,1,-0.588942,-0.022695,-0.255134,0,0,0.623729,-0.0415982,0.203424,
0,1,-0.579172,-0.0250272,-0.150368,0,0,0.617185,-0.042819,0.393895,
0,1,-0.566018,-0.0271613,-0.0551253,0,0,0.610992,-0.0452565,0.584367,
0,1,-0.552718,-0.0280222,0.0401176,0,0,0.605371,-0.0488226,0.774838,
0,1,-0.539397,-0.0276144,0.13536,0,0,0.600528,-0.0533882,0.96531,
0,1,-0.526175,-0.0259416,0.230603,0,0,0.596636,-0.0587882,1.15578,
0,0,-0.513172,-0.0230189,0.325846,0,0,0.593838,-0.0648274,1.34625,
0,0,-0.516286,-0.0242933,0.506795,0,0,0.592233,-0.0712871,1.53672,
0,0,-0.522163,-0.0274191,0.697266,0,0,0.59188,-0.0779339,1.7272,
0,0,-0.527346,-0.0315957,0.887738,0,0,0.592792,-0.0845273,1.91767,
0,0,-0.531644,-0.0366779,1.07821,0,0,0.594935,-0.0908288,2.10814,
0,0,-0.534903,-0.0424819,1.26868,0,0,0.598233,-0.0966105,2.29861,
0,0,-0.537004,-0.0487979,1.45915,0,0,0.602566,-0.101663,2.48908,
0,0,-0.53787,-0.0553974,1.64962,0,0,0.607777,-0.105804,2.67955,
0,0,-0.537472,-0.0620416,1.84009,0,1,0.613678,-0.108884,2.87002,
0,0,-0.535823,-0.0684902,2.03057,0,1,0.603948,-0.106391,2.97479,
0,0,-0.532983,-0.0745101,2.22104,0,1,0.59083,-0.104041,3.07003,
0,0,-0.529055,-0.0798834,2.41151,0,1,0.577547,-0.102962,-3.11791,
0,0,-0.52418,-0.0844159,2.60198,0,1,0.56422,-0.103151,-3.02267,
0,0,-0.518536,-0.0879435,2.79245,0,1,0.550972,-0.104606,-2.92742,
0,0,-0.512326,-0.0903387,2.98292,0,0,0.537923,-0.107315,-2.83218,
0,0,-0.505774,-0.0915148,-3.10979,0,0,0.541058,-0.106092,-2.65123,
0,0,-0.499119,-0.0914294,-2.91932,0,0,0.546986,-0.103063,-2.46076,
0,0,-0.4926,-0.0900854,-2.72885,0,0,0.552237,-0.0989721,-2.27029,
0,0,-0.486453,-0.0875316,-2.53838,0,0,0.556618,-0.0939612,-2.07982,
0,0,-0.480901,-0.0838602,-2.3479,0,0,0.559971,-0.0882115,-1.88935,
0,0,-0.476144,-0.0792041,-2.15743,0,0,0.562175,-0.0819309,-1.69888,
0,0,-0.472355,-0.0737317,-1.96696,0,0,0.563151,-0.0753466,-1.5084,
0,0,-0.469671,-0.0676409,-1.77649,0,0,0.562862,-0.0686967,-1.31793,
0,0,-0.468188,-0.0611521,-1.58602,0,0,0.561319,-0.0622218,-1.12746,
0,0,-0.46796,-0.0544998,-1.39555,0,0,0.558578,-0.0561561,-0.93699,
0,0,-0.468997,-0.0479248,-1.20508,0,0,0.554739,-0.0507189,-0.746519,
0,0,-0.471259,-0.0416648,-1.0146,0,0,0.549939,-0.046107,-0.556047,
0,0,-0.474665,-0.0359463,-0.824133,0,0,0.544354,-0.0424871,-0.365576,
0,0,-0.479092,-0.0309761,-0.633662,0,0,0.538184,-0.0399901,-0.175104,
0,0,-0.484381,-0.026934,-0.443191,0,0,0.531653,-0.0387065,0.0153671,
0,1,-0.490338,-0.0239662,-0.252719,0,0,0.524996,-0.0386825,0.205839,
0,1,-0.480563,-0.0262749,-0.147953,0,0,0.518456,-0.0399192,0.39631,
0,1,-0.467403,-0.0283772,-0.0527106,0,0,0.512268,-0.0423717,0.586781,
0,1,-0.454101,-0.0292059,0.0425322,0,0,0.506657,-0.0459513,0.777253,
0,1,-0.440781,-0.028766,0.137775,0,0,0.501824,-0.0505286,0.967724,
0,0,-0.427563,-0.0270613,0.233018,0,0,0.497946,-0.055938,1.1582,
0,0,-0.430782,-0.0280414,0.413967,0,0,0.495162,-0.0619838,1.34867,
0,0,-0.436924,-0.030609,0.604438,0,0,0.493572,-0.0684475,1.53914,
0,0,-0.442472,-0.0342871,0.794909,0,0,0.493235,-0.0750951,1.72961,
0,0,-0.447223,-0.038949,0.985381,0,0,0.494163,-0.0816862,1.92008,
0,0,-0.451005,-0.0444261,1.17585,0,0,0.496322,-0.0879825,2.11055,
0,0,-0.453682,-0.0505201,1.36632,0,0,0.499634,-0.0937562,2.30102,
0,0,-0.455157,-0.0570108,1.5568,0,0,0.503979,-0.0987985,2.4915,
0,0,-0.455376,-0.0636633,1.74727,0,0,0.5092,-0.102927,2.68197,
0,0,-0.454332,-0.0702371,1.93774,0,1,0.515109,-0.105992,2.87244,
0,0,-0.452063,-0.0764943,2.12821,0,1,0.505372,-0.103523,2.9772,
0,0,-0.448649,-0.0822086,2.31868,0,1,0.492249,-0.101205,3.07245,
0,0,-0.444216,-0.0871734,2.50915,0,1,0.478963,-0.100158,-3.1155,
0,0,-0.438923,-0.091209,2.69962,0,1,0.465637,-0.100379,-3.02025,
0,0,-0.432961,-0.0941696,2.8901,0,1,0.452393,-0.101866,-2.92501,
0,0,-0.426547,-0.0959479,3.08057,0,0,0.43935,-0.104606,-2.82977,
0,0,-0.419912,-0.0964798,-3.01215,0,0,0.442482,-0.103376,-2.64882,
0,0,-0.413297,-0.0957459,-2.82168,0,0,0.448402,-0.100332,-2.45835,
0,0,-0.40694,-0.0937728,-2.6312,0,0,0.453643,-0.0962289,-2.26788,
0,0,-0.401071,-0.0906319,-2.44073,0,0,0.458012,-0.0912075,-2.0774,
0,0,-0.395903,-0.0864368,-2.25026,0,0,0.461352,-0.0854497,-1.88693,
0,0,-0.391623,-0.0813392,-2.05979,0,0,0.463541,-0.0791638,-1.69646,
0,0,-0.388386,-0.0755234,-1.86932,0,0,0.4645,-0.0725771,-1.50599,
0,0,-0.386308,-0.0691999,-1.67885,0,0,0.464195,-0.065928,-1.31552,
0,0,-0.385465,-0.0625974,-1.48838,0,0,0.462637,-0.0594568,-1.12505,
0,0,-0.385887,-0.0559547,-1.2979,0,0,0.459881,-0.0533977,-0.934575,
0,0,-0.387559,-0.049512,-1.10743,0,0,0.456029,-0.0479698,-0.744104,
0,0,-0.390421,-0.0435024,-0.916962,0,0,0.451218,-0.0433695,-0.553632,
0,0,-0.394368,-0.0381432,-0.72649,0,0,0.445624,-0.0397631,-0.363161,
0,0,-0.399259,-0.0336283,-0.536019,0,0,0.439448,-0.0372811,-0.17269,
0,0,-0.404916,-0.030121,-0.345547,0,0,0.432914,-0.0360132,0.0177818,
0,1,-0.411135,-0.0277481,-0.155076,0,0,0.426257,-0.0360053,0.208253,
0,1,-0.401181,-0.0290928,-0.0503102,0,0,0.41972,-0.0372577,0.398725,
0,1,-0.387879,-0.0299022,0.0449326,0,0,0.413538,-0.0397252,0.589196,
0,1,-0.37456,-0.0294302,0.140175,0,0,0.407935,-0.0433183,0.779667,
0,0,-0.361346,-0.0276938,0.235418,0,0,0.403114,-0.0479073,0.970139,
0,0,-0.364562,-0.0286817,0.416367,0,0,0.399248,-0.053326,1.16061,
0,0,-0.370698,-0.031264,0.606838,0,0,0.396479,-0.0593786,1.35108,
0,0,-0.376237,-0.0349554,0.79731,0,0,0.394905,-0.065846,1.54155,
0,0,-0.380977,-0.0396287,0.987781,0,0,0.394584,-0.0724944,1.73202,
0,0,-0.384746,-0.0451148,1.17825,0,0,0.395528,-0.0790833,1.9225,
0,0,-0.387408,-0.0512153,1.36872,0,0,0.397702,-0.0853744,2.11297,
0,0,-0.388868,-0.0577095,1.5592,0,0,0.401028,-0.0911401,2.30344,
0,0,-0.389071,-0.0643625,1.74967,0,0,0.405385,-0.0961719,2.49391,
0,0,-0.388011,-0.0709337,1.94014,0,0,0.410616,-0.100288,2.68438,
0,0,-0.385726,-0.0771855,2.13061,0,1,0.416532,-0.103339,2.87485,
0,0,-0.382299,-0.0828916,2.32108,0,1,0.40679,-0.100893,2.97962,
0,0,-0.377854,-0.0878457,2.51155,0,1,0.393661,-0.0986067,3.07486,
0,0,-0.372551,-0.0918686,2.70202,0,1,0.380372,-0.0975915,-3.11308,
0,0,-0.366583,-0.0948148,2.8925,0,1,0.367047,-0.0978447,-3.01784,
0,0,-0.360164,-0.0965778,3.08297,0,1,0.353806,-0.0993639,-2.92259,
0,0,-0.353528,-0.0970937,-3.00975,0,0,0.34077,-0.102135,-2.82735,
0,0,-0.346914,-0.096344,-2.81928,0,0,0.343899,-0.100897,-2.6464,
0,0,-0.340562,-0.0943556,-2.6288,0,0,0.349813,-0.0978399,-2.45593,
0,0,-0.334701,-0.0912007,-2.43833,0,0,0.355043,-0.0937238,-2.26546,
0,0,-0.329544,-0.0869931,-2.24786,0,0,0.3594,-0.0886918,-2.07499,
0,0,-0.325276,-0.0818852,-2.05739,0,0,0.362726,-0.082926,-1.88452,
0,0,-0.322052,-0.0760618,-1.86692,0,0,0.3649,-0.0766348,-1.69405,
0,0,-0.31999,-0.0697333,-1.67645,0,0,0.365843,-0.0700459,-1.50357,
0,0,-0.319162,-0.0631288,-1.48598,0,0,0.365522,-0.0633975,-1.3131,
0,0,-0.3196,-0.0564871,-1.2955,0,0,0.363948,-0.0569301,-1.12263,
0,0,-0.321288,-0.0500484,-1.10503,0,0,0.361178,-0.0508777,-0.932161,
0,0,-0.324164,-0.0440457,-0.914561,0,0,0.357312,-0.0454591,-0.741689,
0,0,-0.328124,-0.038696,-0.72409,0,0,0.352491,-0.0408704,-0.551218,
0,0,-0.333026,-0.0341928,-0.533618,0,0,0.346888,-0.0372775,-0.360746,
0,0,-0.338691,-0.0306991,-0.343147,0,0,0.340706,-0.0348104,-0.170275,
0,1,-0.344916,-0.0283412,-0.152676,0,0,0.334168,-0.0335583,0.0201965,
0,1,-0.334959,-0.0296619,-0.0479099,0,0,0.327512,-0.0335665,0.210668,
0,1,-0.321655,-0.0304394,0.047333,0,0,0.320978,-0.0348347,0.401139,
0,1,-0.308337,-0.0299355,0.142576,0,0,0.314802,-0.0373171,0.591611,
0,1,-0.295127,-0.0281673,0.237819,0,0,0.309208,-0.0409238,0.782082,
0,0,-0.282145,-0.0251509,0.333062,0,0,0.304398,-0.0455243,0.972554,
0,0,-0.28525,-0.0264477,0.51401,0,0,0.300545,-0.0509524,1.16303,
0,0,-0.291105,-0.0296159,0.704482,0,0,0.29779,-0.0570116,1.3535,
0,0,-0.296258,-0.0338297,0.894953,0,0,0.296232,-0.0634829,1.54397,
0,0,-0.300519,-0.0389428,1.08542,0,0,0.295928,-0.070132,1.73444,
0,0,-0.303736,-0.0447702,1.2759,0,0,0.296887,-0.0767186,1.92491,
0,0,-0.305791,-0.0511012,1.46637,0,0,0.299076,-0.0830044,2.11538,
0,0,-0.30661,-0.0577067,1.65684,0,0,0.302416,-0.0887621,2.30585,
0,0,-0.306164,-0.0643479,1.84731,0,0,0.306786,-0.0937833,2.49633,
0,0,-0.304468,-0.0707845,2.03778,0,0,0.312027,-0.0978865,2.6868,
0,0,-0.301585,-0.0767837,2.22825,0,1,0.31795,-0.100923,2.87727,
0,0,-0.297618,-0.0821286,2.41872,0,1,0.308201,-0.0985013,2.98203,
0,0,-0.292711,-0.0866257,2.6092,0,1,0.295067,-0.0962464,3.07728,
0,0,-0.287041,-0.0901125,2.79967,0,1,0.281776,-0.0952633,-3.11067,
0,0,-0.280814,-0.0924629,2.99014,0,1,0.268451,-0.0955487,-3.01542,
0,0,-0.274254,-0.0935917,-3.10258,0,1,0.255214,-0.0970999,-2.92018,
0,0,-0.267599,-0.0934582,-2.9121,0,0,0.242185,-0.0999029,-2.82494,
0,0,-0.26109,-0.0920673,-2.72163,0,0,0.245311,-0.0986572,-2.64399,
0,0,-0.254962,-0.0894691,-2.53116,0,0,0.251217,-0.0955856,-2.45352,
0,0,-0.249437,-0.0857578,-2.34069,0,0,0.256438,-0.0914568,-2.26305,
0,0,-0.244714,-0.0810675,-2.15022,0,0,0.260783,-0.0864143,-2.07257,
0,0,-0.240964,-0.0755679,-1.95975,0,0,0.264094,-0.0806405,-1.8821,
0,0,-0.238324,-0.0694579,-1.76928,0,0,0.266253,-0.0743441,-1.69163,
0,0,-0.236888,-0.0629585,-1.5788,0,0,0.26718,-0.0677529,-1.50116,
0,0,-0.236708,-0.0563048,-1.38833,0,0,0.266843,-0.0611053,-1.31069,
0,0,-0.237792,-0.0497374,-1.19786,0,0,0.265254,-0.0546417,-1.12022,
0,0,-0.240099,-0.0434939,-1.00739,0,0,0.262469,-0.048596,-0.929746,
0,0,-0.243547,-0.0378002,-0.816918,0,0,0.25859,-0.0431868,-0.739275,
0,0,-0.24801,-0.0328621,-0.626447,0,0,0.253758,-0.0386097,-0.548803,
0,0,-0.253327,-0.0288582,-0.435975,0,0,0.248146,-0.0350304,-0.358332,
0,1,-0.259306,-0.0259334,-0.245504,0,0,0.241958,-0.0325782,-0.16786,
0,1,-0.249514,-0.0281715,-0.140738,0,0,0.235418,-0.0313419,0.0226111,
0,1,-0.23634,-0.0301788,-0.0454952,0,0,0.228761,-0.0313662,0.213083,
0,1,-0.223032,-0.0309116,0.0497477,0,0,0.22223,-0.0326502,0.403554,
0,1,-0.209715,-0.0303755,0.144991,0,0,0.21606,-0.0351474,0.594025,
0,0,-0.19651,-0.0285755,0.240233,0,0,0.210475,-0.0387676,0.784497,
0,0,-0.199722,-0.0295789,0.421182,0,0,0.205676,-0.0433798,0.974968,
0,0,-0.205845,-0.0321906,0.611653,0,0,0.201836,-0.0488171,1.16544,
0,0,-0.211366,-0.0359087,0.802125,0,0,0.199096,-0.054883,1.35591,
0,0,-0.216083,-0.0406048,0.992596,0,0,0.197554,-0.061358,1.54638,
0,0,-0.219826,-0.046109,1.18307,0,0,0.197265,-0.0680078,1.73685,
0,0,-0.222459,-0.0522222,1.37354,0,0,0.198241,-0.0745921,1.92733,
0,0,-0.223887,-0.0587233,1.56401,0,0,0.200445,-0.0808726,2.1178,
0,0,-0.224058,-0.0653773,1.75448,0,0,0.203799,-0.0866221,2.30827,
0,0,-0.222967,-0.0719433,1.94495,0,0,0.20818,-0.0916328,2.49874,
0,0,-0.220652,-0.078184,2.13542,0,0,0.213431,-0.0957234,2.68921,
0,0,-0.217198,-0.0838735,2.3259,0,1,0.219361,-0.0987458,2.87968,
0,0,-0.212729,-0.0888062,2.51637,0,1,0.209607,-0.0963474,2.98445,
0,0,-0.207406,-0.0928035,2.70684,0,1,0.196468,-0.0941242,3.07969,
0,0,-0.201424,-0.095721,2.89731,0,1,0.183174,-0.0931732,-3.10825,
0,0,-0.194997,-0.097453,3.08778,0,1,0.16985,-0.0934908,-3.01301,
0,0,-0.188358,-0.097937,-3.00493,0,1,0.156617,-0.0950739,-2.91777,
0,0,-0.181748,-0.0971554,-2.81446,0,0,0.143595,-0.0979084,-2.82252,
0,0,-0.175406,-0.0951365,-2.62399,0,0,0.146717,-0.0966552,-2.64157,
0,0,-0.16956,-0.0919533,-2.43352,0,0,0.152616,-0.0935693,-2.4511,
0,0,-0.164423,-0.087721,-2.24305,0,0,0.157827,-0.0894279,-2.26063,
0,0,-0.16018,-0.0825926,-2.05257,0,0,0.16216,-0.084375,-2.07016,
0,0,-0.156984,-0.0767537,-1.8621,0,0,0.165457,-0.0785931,-1.87969,
0,0,-0.154952,-0.0704154,-1.67163,0,0,0.167601,-0.0722915,-1.68922,
0,0,-0.154156,-0.063807,-1.48116,0,0,0.168512,-0.0656981,-1.49875,
0,0,-0.154626,-0.0571674,-1.29069,0,0,0.168159,-0.0590513,-1.30827,
0,0,-0.156345,-0.050737,-1.10022,0,0,0.166554,-0.0525916,-1.1178,
0,0,-0.15925,-0.0447481,-0.909746,0,0,0.163755,-0.0465527,-0.927331,
0,0,-0.163236,-0.0394176,-0.719275,0,0,0.159863,-0.0411528,-0.73686,
0,0,-0.168159,-0.0349381,-0.528803,0,0,0.155019,-0.0365875,-0.546388,
0,0,-0.173841,-0.0314717,-0.338332,0,0,0.149399,-0.0330217,-0.355917,
0,1,-0.180077,-0.0291438,-0.147861,0,0,0.143205,-0.0305845,-0.165446,
0,1,-0.170114,-0.0304166,-0.0430948,0,0,0.136662,-0.0293639,0.0250258,
0,1,-0.156806,-0.03113,0.052148,0,0,0.130006,-0.0294043,0.215497,
0,1,-0.143491,-0.0305619,0.147391,0,0,0.123478,-0.030704,0.405969,
0,1,-0.13029,-0.0287302,0.242634,0,0,0.117314,-0.0332162,0.59644,
0,0,-0.117323,-0.0256513,0.337877,0,0,0.111737,-0.0368498,0.786911,
0,0,-0.120421,-0.026963,0.518825,0,0,0.106949,-0.0414736,0.977383,
0,0,-0.126261,-0.0301594,0.709297,0,0,0.103123,-0.0469202,1.16785,
0,0,-0.131393,-0.0343979,0.899768,0,0,0.100397,-0.0529927,1.35833,
0,0,-0.13563,-0.0395315,1.09024,0,0,0.0988705,-0.0594713,1.5488,
0,0,-0.138818,-0.0453743,1.28071,0,0,0.0985979,-0.0661219,1.73927,
0,0,-0.140843,-0.0517151,1.47118,0,0,0.0995893,-0.0727038,1.92974,
0,0,-0.14163,-0.0583245,1.66165,0,0,0.101809,-0.0789789,2.12021,
0,0,-0.141152,-0.0649635,1.85213,0,0,0.105176,-0.0847204,2.31068,
0,0,-0.139426,-0.0713918,2.0426,0,0,0.10957,-0.0897204,2.50115,
0,0,-0.136514,-0.0773771,2.23307,0,0,0.114831,-0.0937983,2.69163,
0,0,-0.132521,-0.0827028,2.42354,0,1,0.120768,-0.0968064,2.8821,
0,0,-0.127592,-0.0871763,2.61401,0,1,0.111009,-0.0944316,2.98686,
0,0,-0.121906,-0.0906357,2.80448,0,1,0.0978636,-0.0922401,3.08211,
0,0,-0.115667,-0.092956,2.99495,0,1,0.0845678,-0.0913213,-3.10584,
0,0,-0.109102,-0.0940533,-3.09776,0,1,0.0712448,-0.091671,-3.01059,
0,0,-0.106399,-0.0958859,-2.90729,0,1,0.0619667,-0.091288,-2.91535,
0,0,-0.109531,-0.0998443,-2.71682,0,1,0.0585474,-0.0887915,-2.82011,
0,0,-0.112635,-0.1028,-2.52635,0,0,0.0550969,-0.087292,-2.72487,
0,0,-0.108193,-0.0997342,-2.33587,0,0,0.0601641,-0.084738,-2.54392,
0,0,-0.103492,-0.0950213,-2.1454,0,0,0.0657339,-0.0810917,-2.35345,
0,0,-0.0997695,-0.0895037,-1.95493,0,0,0.0705161,-0.076462,-2.16297,
0,0,-0.0971585,-0.083381,-1.76446,0,0,0.0743355,-0.0710107,-1.9725,
0,0,-0.0957538,-0.0768748,-1.57399,0,0,0.0770536,-0.0649348,-1.78203,
0,0,-0.0956064,-0.0702203,-1.38352,0,0,0.0785724,-0.0584543,-1.59156,
0,0,-0.0967214,-0.0636582,-1.19305,0,0,0.0788367,-0.0518034,-1.40109,
0,0,-0.0990586,-0.0574259,-1.00257,0,0,0.0778372,-0.0452227,-1.21062,
0,0,-0.102533,-0.0517488,-0.812103,0,0,0.0756098,-0.0389503,-1.02015,
0,0,-0.10702,-0.0468322,-0.621632,0,0,0.0722352,-0.0332131,-0.829674,
0,0,-0.112357,-0.042854,-0.43116,0,0,0.0678355,-0.0282184,-0.639202,
0,0,-0.11835,-0.0399581,-0.240689,0,0,0.0625697,-0.0241471,-0.448731,
0,1,-0.124783,-0.0382491,-0.0502173,0,0,0.0566284,-0.0211463,-0.25826,
0,1,-0.116558,-0.0397031,0.0545484,0,0,0.0520418,-0.0181661,-0.0677881,
0,1,-0.11214,-0.0454865,0.149791,0,0,0.0543855,-0.0111985,0.122683,
0,1,-0.107403,-0.0506612,0.245034,0,0,0.0563462,-0.00475827,0.313155,
0,1,-0.101817,-0.0545732,0.340277,0,0,0.0574505,0.000429461,0.503626,
0,1,-0.0968038,-0.0583694,0.43552,0,0,0.0591604,0.00547108,0.694098,
0,1,-0.0918333,-0.0614011,0.530763,0,0,0.0609823,0.00969119,0.884569,
0,1,-0.0870528,-0.0635998,0.626006,0,0,0.0630854,0.01301,1.07504,
0,1,-0.082616,-0.0648835,0.721248,0,0,0.0656221,0.015352,1.26551,
0,0,-0.0786768,-0.0651488,0.816491,0,0,0.0687101,0.0166421,1.45598,
0,0,-0.0823385,-0.0694906,0.99744,0,0,0.0683419,0.0107902,1.64645,
0,0,-0.0860499,-0.0750172,1.18791,0,0,0.068719,0.00414473,1.83693,
0,0,-0.0886533,-0.0811431,1.37838,0,0,0.0703475,-0.00230913,2.0274,
0,0,-0.0900498,-0.0876511,1.56885,0,0,0.0731684,-0.00833796,2.21787,
0,0,-0.0901889,-0.0943058,1.75933,0,0,0.0770796,-0.0137237,2.40834,
0,0,-0.0890657,-0.100866,1.9498,0,0,0.0819398,-0.0182716,2.59881,
0,0,-0.0867207,-0.107096,2.14027,0,0,0.0875731,-0.0218171,2.78928,
0,0,-0.0832387,-0.112769,2.33074,0,0,0.0937757,-0.0242319,2.97975,
0,0,-0.0787457,-0.11768,2.52121,0,0,0.100323,-0.0254288,-3.11296,
0,0,-0.0734043,-0.121651,2.71168,0,0,0.106979,-0.0253645,-2.92249,
0,0,-0.0674075,-0.12454,2.90215,0,1,0.113502,-0.0240412,-2.73202,
0,0,-0.0609724,-0.12624,3.09263,0,1,0.104374,-0.0282319,-2.62725,
0,0,-0.0543316,-0.126692,-3.00009,0,1,0.0927037,-0.0346663,-2.53201,
0,0,-0.0520976,-0.133272,-2.80962,0,1,0.0860769,-0.0347987,-2.43676,
0,0,-0.0507452,-0.141161,-2.61915,0,1,0.0806216,-0.0337149,-2.34152,
0,0,-0.0493498,-0.148463,-2.42867,0,1,0.0753736,-0.0333265,-2.24628,
0,0,-0.0481074,-0.155131,-2.2382,0,1,0.070468,-0.03364,-2.15104,
0,0,-0.0472242,-0.16113,-2.04773,0,1,0.0660499,-0.0346608,-2.05579,
0,0,-0.0469103,-0.166428,-1.85726,0,0,0.0622738,-0.0364004,-1.96055,
0,0,-0.0452267,-0.161466,-1.66679,0,0,0.0641059,-0.0311323,-1.7796,
0,0,-0.0444632,-0.154854,-1.47632,0,0,0.0656031,-0.0246456,-1.58913,
0,0,-0.0449654,-0.148217,-1.28585,0,0,0.0658513,-0.0179941,-1.39866,
0,0,-0.046715,-0.141795,-1.09537,0,0,0.0648357,-0.0114159,-1.20819,
0,0,-0.0496488,-0.13582,-0.904903,0,0,0.0625931,-0.00514895,-1.01772,
0,0,-0.0536608,-0.130509,-0.714431,0,0,0.0592046,0.000580113,-0.827245,
0,0,-0.0586056,-0.126053,-0.52396,0,0,0.0547927,0.00556405,-0.636773,
0,0,-0.0643046,-0.122615,-0.333488,0,0,0.0495171,0.00962259,-0.446302,
0,0,-0.0705516,-0.120317,-0.143017,0,0,0.0435685,0.0126089,-0.255831,
0,0,-0.0771206,-0.119243,0.0474545,0,0,0.0371621,0.0144151,-0.0653592,
0,0,-0.0837741,-0.119433,0.237926,0,0,0.0305296,0.0149757,0.125112,
0,0,-0.0902713,-0.120879,0.428397,0,0,0.0239109,0.0142705,0.315584,
0,1,-0.0963773,-0.123529,0.618869,0,0,0.0175455,0.012325,0.506055,
0,1,-0.0892335,-0.121643,0.723635,0,0,0.0125783,0.0133194,0.696527,
0,1,-0.0807616,-0.123564,0.818877,0,0,0.00901491,0.0197614,0.886998,
0,1,-0.0722824,-0.124777,0.91412,0,0,0.00542419,0.0254998,1.07747,
0,1,-0.0638814,-0.125317,1.00936,0,0,0.00198801,0.0305667,1.26794,
0,1,-0.0556686,-0.125226,1.10461,0,0,-0.00111397,0.0350147,1.45841,
0,1,-0.0477584,-0.124559,1.19985,0,0,-0.00370851,0.038919,1.64888,
0,1,-0.0402713,-0.123384,1.29509,0,0,-0.0056331,0.0423717,1.83936,
0,1,-0.0333354,-0.121781,1.39033,0,0,-0.00673993,0.0454734,2.02983,
0,1,-0.0270899,-0.119838,1.48558,0,0,-0.00689995,0.0483231,2.2203,
0,1,-0.0216882,-0.117643,1.58082,0,0,-0.00600772,0.0510044,2.41077,
0,1,-0.0173013,-0.115282,1.67606,0,0,-0.00398822,0.0535709,2.60124,
0,0,-0.0141181,-0.112824,1.77131,0,0,-0.000807477,0.0560292,2.79171,
0,0,-0.0126314,-0.118438,1.95225,0,0,0.00516921,0.0542145,2.98218,
0,0,-0.0102648,-0.12466,2.14273,0,0,0.0117197,0.0530335,-3.11053,
0,0,-0.00676893,-0.130324,2.3332,0,0,0.0183754,0.0531141,-2.92006,
0,0,-0.00226391,-0.135224,2.52367,0,0,0.0248954,0.0544532,-2.72959,
0,0,0.0030873,-0.139183,2.71414,0,0,0.031044,0.0570025,-2.53912,
0,0,0.00909113,-0.142056,2.90461,0,0,0.0365988,0.0606697,-2.34864,
0,0,0.0155304,-0.143741,3.09508,0,0,0.0413588,0.0653223,-2.15817,
0,0,0.0221723,-0.144177,-2.99763,0,0,0.0451519,0.0707919,-1.9677,
0,0,0.0287765,-0.143347,-2.80716,0,1,0.0478409,0.0768807,-1.77723,
0,0,0.0351042,-0.141282,-2.61669,0,1,0.045987,0.0670088,-1.67246,
0,0,0.0409265,-0.138056,-2.42622,0,1,0.0444958,0.053766,-1.57722,
0,0,0.0460327,-0.133786,-2.23575,0,1,0.0442834,0.0404402,-1.48198,
0,0,0.053594,-0.13494,-2.04527,0,1,0.0419835,0.0334674,-1.38674,
0,0,0.0624149,-0.138225,-1.8548,0,1,0.0388666,0.0289749,-1.29149,
0,0,0.0709979,-0.14101,-1.66433,0,1,0.0364425,0.0243042,-1.19625,
0,0,0.0791984,-0.143415,-1.47386,0,1,0.0347712,0.0195553,-1.10101,
0,0,0.0868753,-0.145586,-1.28339,0,1,0.0339128,0.014839,-1.00576,
0,0,0.09389,-0.147686,-1.09292,0,0,0.0339312,0.0102746,-0.910522,
0,0,0.0921514,-0.142815,-0.902445,0,0,0.0303121,0.0144043,-0.729573,
0,0,0.0884372,-0.137787,-0.711974,0,0,0.0254017,0.0189571,-0.539102,
0,0,0.0838767,-0.133687,-0.521502,0,0,0.0196541,0.0225755,-0.34863,
0,0,0.0784715,-0.130521,-0.331031,0,0,0.0131102,0.0252689,-0.158159,
0,0,0.0722631,-0.128277,-0.140559,0,0,0.00585396,0.0270694,0.0323126,
0,0,0.0657085,-0.127234,0.049912,0,0,-0.00163394,0.0277103,0.222784,
0,0,0.0590712,-0.127453,0.240383,0,0,-0.00905949,0.0271467,0.413255,
0,0,0.0525903,-0.128926,0.430855,0,0,-0.0161573,0.0254013,0.603727,
0,0,0.0464995,-0.131598,0.621326,0,0,-0.0226727,0.0225399,0.794198,
0,0,0.0410186,-0.135372,0.811798,0,0,-0.0283703,0.0186683,0.98467,
0,0,0.0363488,-0.140115,1.00227,0,0,-0.0330399,0.0139256,1.17514,
0,0,0.0326605,-0.145656,1.19274,0,0,-0.0365089,0.00848309,1.36561,
0,0,0.0300876,-0.151795,1.38321,0,0,-0.0386489,0.00253748,1.55608,
0,0,0.0287236,-0.158311,1.57368,0,0,-0.0393791,-0.00369731,1.74656,
0,1,0.0286194,-0.164968,1.76415,0,0,-0.0386684,-0.00999926,1.93703,
0,1,0.036979,-0.166201,1.86892,0,0,-0.0381509,-0.0148475,2.1275,
0,1,0.0484472,-0.164523,1.96416,0,0,-0.0372209,-0.0188254,2.31797,
0,1,0.0595981,-0.162221,2.05941,0,0,-0.0352705,-0.0222977,2.50844,
0,1,0.0703157,-0.159485,2.15465,0,0,-0.0323154,-0.0251179,2.69891,
0,1,0.0805218,-0.156507,2.24989,0,0,-0.028391,-0.0271542,2.88938,
0,1,0.0901419,-0.153505,2.34513,0,0,-0.0235389,-0.0283053,3.07986,
0,1,0.0990995,-0.15072,2.44038,0,0,-0.0178002,-0.0285123,-3.01286,
0,1,0.107247,-0.148395,2.53562,0,0,-0.0112688,-0.0277526,-2.82239,
0,0,0.113539,-0.146493,2.63086,0,0,-0.00491058,-0.025784,-2.63192,
0,0,0.119364,-0.149258,2.81181,0,0,0.000960114,-0.0226473,-2.44144,
0,0,0.125623,-0.151527,3.00228,0,0,0.00613079,-0.0184558,-2.25097,
0,0,0.132196,-0.152576,-3.09043,0,0,0.0104144,-0.0133612,-2.0605,
0,0,0.138848,-0.152362,-2.89996,0,0,0.0136561,-0.00754782,-1.87003,
0,0,0.14534,-0.150892,-2.70949,0,0,0.0157385,-0.00122581,-1.67956,
0,0,0.151436,-0.14822,-2.51902,0,0,0.0165863,0.00537611,-1.48909,
0,0,0.156916,-0.144442,-2.32854,0,0,0.0161689,0.0120192,-1.29862,
0,0,0.161582,-0.139694,-2.13807,0,0,0.0145015,0.018463,-1.10814,
0,0,0.165264,-0.13415,-1.9476,0,1,0.0116442,0.0244747,-0.917673,
0,0,0.16783,-0.128008,-1.75713,0,1,0.0179125,0.0166261,-0.812907,
0,0,0.169187,-0.121492,-1.56666,0,1,0.0269712,0.00685198,-0.717664,
0,0,0.169286,-0.114836,-1.37619,0,1,0.0369276,-0.0020077,-0.622421,
0,0,0.175094,-0.109897,-1.18572,0,1,0.0407096,-0.0082657,-0.527178,
0,0,0.183342,-0.105416,-0.995245,0,1,0.0420794,-0.0135058,-0.431936,
0,0,0.191057,-0.100795,-0.804773,0,1,0.044037,-0.018334,-0.336693,
0,0,0.198237,-0.0962243,-0.614302,0,1,0.0465464,-0.0226385,-0.24145,
0,0,0.204897,-0.0919061,-0.42383,0,1,0.0495639,-0.0263002,-0.146207,
0,0,0.211071,-0.0880546,-0.233359,0,0,0.0530424,-0.0291917,-0.0509641,
0,0,0.206247,-0.086205,-0.0428876,0,0,0.0475499,-0.0292279,0.129984,
0,0,0.20001,-0.0857405,0.147584,0,0,0.0408821,-0.0299769,0.320456,
0,0,0.193913,-0.0865248,0.338055,0,0,0.0343661,-0.0319704,0.510927,
0,0,0.187963,-0.0885597,0.528527,0,0,0.0280219,-0.0351696,0.701399,
0,0,0.182208,-0.091799,0.718998,0,0,0.0219114,-0.0394848,0.89187,
0,0,0.177139,-0.096084,0.90947,0,0,0.0165319,-0.0447306,1.08234,
0,0,0.172973,-0.101255,1.09994,0,0,0.0121072,-0.0507146,1.27281,
0,0,0.169857,-0.107126,1.29041,0,0,0.00879324,-0.057221,1.46328,
0,0,0.167905,-0.113485,1.48088,0,0,0.00670678,-0.0640142,1.65376,
0,0,0.167187,-0.120101,1.67136,0,0,0.00592136,-0.0708473,1.84423,
0,0,0.167731,-0.126734,1.86183,0,0,0.00646913,-0.0774705,2.0347,
0,0,0.169521,-0.133146,2.0523,0,0,0.00833263,-0.0836418,2.22517,
0,0,0.172492,-0.139102,2.24277,0,0,0.0114467,-0.0891356,2.41564,
0,0,0.176538,-0.144389,2.43324,0,0,0.0157018,-0.0937516,2.60611,
0,1,0.181514,-0.148813,2.62371,0,0,0.0209499,-0.0973216,2.79658,
0,1,0.187963,-0.143402,2.72848,0,0,0.02498,-0.100071,2.98706,
0,1,0.194276,-0.133782,2.82372,0,0,0.0286248,-0.101927,-3.10566,
0,1,0.199922,-0.124007,2.91896,0,0,0.0325558,-0.102675,-2.91519,
0,1,0.204969,-0.114293,3.01421,0,0,0.0366542,-0.102231,-2.72472,
0,1,0.20951,-0.104829,3.10945,0,0,0.0408003,-0.100537,-2.53424,
0,1,0.213661,-0.0958186,-3.07849,0,0,0.0448947,-0.0975575,-2.34377,
0,1,0.217553,-0.0874855,-2.98325,0,0,0.0488722,-0.0932875,-2.1533,
0,1,0.221178,-0.0801552,-2.88801,0,0,0.0525716,-0.0878352,-1.96283,
