[INFO] Not using threads
[INFO] Using random seed = 312
[INFO] Using simulation clock tick = 0.1
[INFO] Total experiment length in clock ticks = 1000
[INFO] Loaded library "./build/controllers/footbot/libfootbot_segregation_controller.dylib"
[INFO] Loaded library "././build/loop_functions/libsegregation_loop_function.dylib"
[INFO] The physics engine "dyn2d" will perform 10 iterations per tick (dt = 0.01 sec)
[INFO] No visualization selected.
0,0,-0.945456,-0.0462858,-1.29333,1,0,1.04787,-0.0674041,-0.739545,
0,0,-0.947099,-0.040515,-1.12191,1,0,1.04344,-0.0633602,-0.56812,
0,0,-0.949886,-0.0344679,-0.931435,1,0,1.03789,-0.0596824,-0.377649,
0,0,-0.953756,-0.0290522,-0.740964,1,0,1.03175,-0.0571112,-0.187178,
0,0,-0.958581,-0.024467,-0.550493,1,0,1.02523,-0.0557488,0.00329379,
0,0,-0.964186,-0.0208782,-0.360021,1,0,1.01858,-0.0556445,0.193765,
0,2,-0.97037,-0.0184155,-0.16955,1,0,1.01202,-0.0568021,0.384237,
0,2,-0.970994,-0.0181807,0.10664,1,0,1.00581,-0.0591797,0.574708,
0,0,-0.970994,-0.0181807,0.392355,1,0,1.00015,-0.0626913,0.76518,
0,0,-0.976538,-0.020475,0.59235,1,0,0.995265,-0.0672099,0.955651,
0,0,-0.982133,-0.0240799,0.782822,1,0,0.991322,-0.0725721,1.14612,
0,0,-0.986939,-0.0286841,0.973293,1,0,0.988465,-0.0785839,1.33659,
0,0,-0.990788,-0.034115,1.16376,1,0,0.986797,-0.0850278,1.52707,
0,0,-0.993538,-0.0401762,1.35424,1,0,0.98638,-0.0916709,1.71754,
0,0,-0.995091,-0.0466486,1.54471,1,0,0.987229,-0.0982728,1.90801,
0,0,-0.995391,-0.053298,1.73518,1,0,0.989311,-0.104595,2.09848,
0,0,-0.994427,-0.0598839,1.92565,1,0,0.992553,-0.110408,2.28895,
0,0,-0.992233,-0.0661681,2.11612,1,0,0.996837,-0.115502,2.47942,
0,0,-0.988889,-0.0719232,2.30659,1,0,1.00201,-0.119694,2.66989,
0,0,-0.984516,-0.0769412,2.49706,1,2,1.00788,-0.12283,2.86037,
0,0,-0.979272,-0.0810406,2.68754,1,2,1.00847,-0.123133,3.13656,
0,0,-0.973346,-0.084073,2.87801,1,0,1.00847,-0.123133,-2.86092,
0,0,-0.966954,-0.0859287,3.06848,1,0,1.01424,-0.121471,-2.66092,
0,0,-0.960326,-0.0865407,-3.02423,1,0,1.0202,-0.118512,-2.47045,
0,0,-0.953702,-0.0858869,-2.83376,1,0,1.02549,-0.114472,-2.27998,
0,0,-0.947322,-0.0839908,-2.64329,1,0,1.02992,-0.109504,-2.08951,
0,0,-0.941416,-0.080921,-2.45282,1,0,1.03333,-0.103787,-1.89903,
0,0,-0.936198,-0.0767887,-2.26235,1,0,1.03559,-0.0975278,-1.70856,
0,0,-0.931857,-0.0717431,-2.07188,1,0,1.03663,-0.0909533,-1.51809,
0,0,-0.928549,-0.065967,-1.88141,1,0,1.03641,-0.0843009,-1.32762,
0,0,-0.926395,-0.0596691,-1.69093,1,0,1.03493,-0.0778114,-1.13715,
0,0,-0.925472,-0.0530772,-1.50046,1,0,1.03225,-0.0717194,-0.946677,
0,0,-0.925814,-0.0464299,-1.30999,1,0,1.02846,-0.0662453,-0.756206,
0,0,-0.927408,-0.0399674,-1.11952,1,0,1.0237,-0.0615871,-0.565734,
0,0,-0.930197,-0.0339236,-0.929049,1,0,1.01815,-0.0579132,-0.375263,
0,0,-0.934079,-0.0285171,-0.738578,1,0,1.01201,-0.0553567,-0.184792,
0,0,-0.938915,-0.0239435,-0.548106,1,0,1.00549,-0.0540098,0.00567988,
0,0,-0.944529,-0.020368,-0.357635,1,0,0.998834,-0.0539214,0.196151,
0,2,-0.950719,-0.0179202,-0.167164,1,0,0.992282,-0.0550946,0.386623,
0,2,-0.951343,-0.0176868,0.109026,1,0,0.986071,-0.057487,0.577094,
0,0,-0.951343,-0.0176868,0.394741,1,0,0.980425,-0.0610121,0.767566,
0,0,-0.956882,-0.0199943,0.594736,1,0,0.975548,-0.0655424,0.958037,
0,0,-0.962468,-0.0236126,0.785208,1,0,0.971618,-0.070914,1.14851,
0,0,-0.967264,-0.0282282,0.975679,1,0,0.968775,-0.0769326,1.33898,
0,0,-0.971099,-0.0336683,1.16615,1,0,0.967123,-0.0833805,1.52945,
0,0,-0.973835,-0.0397361,1.35662,1,0,0.966722,-0.0900245,1.71992,
0,0,-0.975373,-0.0462122,1.54709,1,0,0.967586,-0.0966244,1.91039,
0,0,-0.975657,-0.0528622,1.73756,1,0,0.969684,-0.102941,2.10087,
0,0,-0.974676,-0.0594458,1.92804,1,0,0.97294,-0.108747,2.29134,
0,0,-0.972467,-0.0657247,2.11851,1,0,0.977236,-0.113831,2.48181,
0,0,-0.96911,-0.0714719,2.30898,1,0,0.982416,-0.11801,2.67228,
0,0,-0.964725,-0.0764795,2.49945,1,2,0.988295,-0.121132,2.86275,
0,0,-0.959471,-0.0805663,2.68992,1,2,0.988889,-0.121434,3.13894,
0,0,-0.953538,-0.0835845,2.88039,1,0,0.988889,-0.121434,-2.85853,
0,0,-0.947142,-0.085425,3.07086,1,0,0.994651,-0.119758,-2.65853,
0,0,-0.940512,-0.0860212,-3.02185,1,0,1.0006,-0.116785,-2.46806,
0,0,-0.93389,-0.0853515,-2.83138,1,0,1.00589,-0.112732,-2.27759,
0,0,-0.927514,-0.0834402,-2.64091,1,0,1.0103,-0.107753,-2.08712,
0,0,-0.921616,-0.0803564,-2.45043,1,0,1.0137,-0.102028,-1.89665,
0,0,-0.916407,-0.0762116,-2.25996,1,0,1.01595,-0.095764,-1.70618,
0,0,-0.912078,-0.0711557,-2.06949,1,0,1.01697,-0.089187,-1.51571,
0,0,-0.908784,-0.0653717,-1.87902,1,0,1.01673,-0.0825352,-1.32523,
0,0,-0.906645,-0.0590686,-1.68855,1,0,1.01524,-0.0760492,-1.13476,
0,0,-0.905738,-0.0524746,-1.49808,1,0,1.01254,-0.0699637,-0.944291,
0,0,-0.906096,-0.0458281,-1.30761,1,0,1.00874,-0.0644986,-0.75382,
0,0,-0.907705,-0.0393695,-1.11713,1,0,1.00397,-0.0598517,-0.563348,
0,0,-0.910508,-0.0333324,-0.926663,1,0,0.998415,-0.0561912,-0.372877,
0,0,-0.914404,-0.0279351,-0.736192,1,0,0.992263,-0.0536492,-0.182405,
0,0,-0.919251,-0.023373,-0.54572,1,0,0.985742,-0.0523179,0.00806598,
0,0,-0.924873,-0.019811,-0.355249,1,0,0.979086,-0.0522454,0.198537,
0,2,-0.931069,-0.0173779,-0.164777,1,0,0.972537,-0.0534342,0.389009,
0,2,-0.931694,-0.017146,0.111413,1,0,0.966331,-0.0558415,0.57948,
0,0,-0.931694,-0.017146,0.397127,1,0,0.960693,-0.05938,0.769952,
0,0,-0.937227,-0.0194667,0.597123,1,0,0.955828,-0.0639219,0.960423,
0,0,-0.942804,-0.0230984,0.787594,1,0,0.95191,-0.0693029,1.15089,
0,0,-0.947589,-0.0277254,0.978065,1,0,0.949082,-0.0753282,1.34137,
0,0,-0.951411,-0.0331746,1.16854,1,0,0.947445,-0.0817801,1.53184,
0,0,-0.954133,-0.0392489,1.35901,1,0,0.94706,-0.0884251,1.72231,
0,0,-0.955655,-0.0457286,1.54948,1,0,0.94794,-0.0950228,1.91278,
0,0,-0.955923,-0.0523794,1.73995,1,0,0.950052,-0.101335,2.10325,
0,0,-0.954927,-0.0589606,1.93042,1,0,0.953322,-0.107132,2.29372,
0,0,-0.952703,-0.0652342,2.12089,1,0,0.95763,-0.112206,2.48419,
0,0,-0.949332,-0.0709734,2.31137,1,0,0.962821,-0.116373,2.67467,
0,0,-0.944935,-0.0759704,2.50184,1,2,0.968707,-0.119481,2.86514,
0,0,-0.939671,-0.0800447,2.69231,1,2,0.969302,-0.119781,3.14133,
0,0,-0.933732,-0.0830488,2.88278,1,0,0.969302,-0.119781,-2.85614,
0,0,-0.927331,-0.084874,3.07325,1,0,0.97506,-0.118092,-2.65615,
0,0,-0.9207,-0.0854544,-3.01946,1,0,0.981006,-0.115104,-2.46568,
0,0,-0.914079,-0.0847689,-2.82899,1,0,0.986277,-0.111039,-2.27521,
0,0,-0.907708,-0.0828424,-2.63852,1,0,0.990683,-0.10605,-2.08473,
0,0,-0.901817,-0.0797445,-2.44805,1,0,0.994064,-0.100317,-1.89426,
0,0,-0.896618,-0.0755873,-2.25758,1,0,0.996299,-0.0940471,-1.70379,
0,0,-0.892301,-0.0705211,-2.06711,1,0,0.997307,-0.0874676,-1.51332,
0,0,-0.889021,-0.0647292,-1.87663,1,0,0.997051,-0.0808164,-1.32285,
0,0,-0.886897,-0.0584211,-1.68616,1,0,0.99554,-0.074334,-1.13238,
0,0,-0.886006,-0.0518249,-1.49569,1,0,0.992829,-0.0682549,-0.941905,
0,0,-0.886379,-0.0451793,-1.30522,1,0,0.989016,-0.0627989,-0.751434,
0,0,-0.888004,-0.0387245,-1.11475,1,0,0.98424,-0.0581635,-0.560962,
0,0,-0.890822,-0.0326941,-0.924277,1,0,0.978672,-0.0545162,-0.370491,
0,0,-0.89473,-0.0273062,-0.733806,1,0,0.972514,-0.0519889,-0.180019,
0,0,-0.899588,-0.0227556,-0.543334,1,0,0.965989,-0.0506732,0.0104521,
0,0,-0.905219,-0.019207,-0.352863,1,0,0.959333,-0.0506165,0.200924,
0,2,-0.91142,-0.0167887,-0.162391,1,0,0.952787,-0.051821,0.391395,
0,2,-0.912046,-0.0165583,0.113799,1,0,0.946587,-0.054243,0.581866,
0,0,-0.912046,-0.0165583,0.399513,1,0,0.940958,-0.057795,0.772338,
0,0,-0.917574,-0.0188923,0.599509,1,0,0.936103,-0.0623485,0.962809,
0,0,-0.923142,-0.0225372,0.78998,1,0,0.932198,-0.0677388,1.15328,
0,0,-0.927916,-0.0271756,0.980451,1,0,0.929384,-0.0737709,1.34375,
0,0,-0.931725,-0.0326339,1.17092,1,0,0.927763,-0.0802266,1.53422,
0,0,-0.934432,-0.0387147,1.36139,1,0,0.927394,-0.0868725,1.72469,
0,0,-0.935939,-0.0451981,1.55187,1,0,0.928289,-0.0934682,1.91517,
0,0,-0.936191,-0.0518494,1.74234,1,0,0.930417,-0.099775,2.10564,
0,0,-0.935179,-0.0584283,1.93281,1,0,0.933701,-0.105565,2.29611,
0,0,-0.93294,-0.0646966,2.12328,1,0,0.938021,-0.110628,2.48658,
0,0,-0.929555,-0.0704276,2.31375,1,0,0.943222,-0.114783,2.67705,
0,0,-0.925146,-0.0754142,2.50422,1,2,0.949115,-0.117877,2.86752,
0,0,-0.919873,-0.0794759,2.69469,1,2,0.949711,-0.118176,-3.13947,
0,0,-0.913926,-0.0824658,2.88517,1,0,0.949711,-0.118176,-2.85376,
0,0,-0.907521,-0.0842758,3.07564,1,0,0.955464,-0.116472,-2.65376,
0,0,-0.900889,-0.0848403,-3.01708,1,0,0.961404,-0.113471,-2.46329,
0,0,-0.89427,-0.0841391,-2.82661,1,0,0.966665,-0.109393,-2.27282,
0,0,-0.887903,-0.0821973,-2.63613,1,0,0.971059,-0.104393,-2.08235,
0,0,-0.882019,-0.0790854,-2.44566,1,0,0.974427,-0.098652,-1.89188,
0,0,-0.876831,-0.0749158,-2.25519,1,0,0.976647,-0.092377,-1.7014,
0,0,-0.872526,-0.0698393,-2.06472,1,0,0.977639,-0.0857952,-1.51093,
0,0,-0.86926,-0.0640396,-1.87425,1,0,0.977366,-0.0791446,-1.32046,
0,0,-0.867151,-0.0577264,-1.68378,1,0,0.97584,-0.0726659,-1.12999,
0,0,-0.866275,-0.0511282,-1.49331,1,0,0.973115,-0.0665932,-0.939519,
0,0,-0.866664,-0.0444834,-1.30283,1,0,0.969289,-0.0611464,-0.749048,
0,0,-0.868305,-0.0380326,-1.11236,1,0,0.964501,-0.0565223,-0.558576,
0,0,-0.871137,-0.0320089,-0.921891,1,0,0.958925,-0.0528883,-0.368105,
0,0,-0.875058,-0.0266303,-0.73142,1,0,0.952761,-0.0503758,-0.177633,
0,0,-0.879926,-0.0220914,-0.540948,1,0,0.946233,-0.0490756,0.0128382,
0,0,-0.885566,-0.0185562,-0.350477,1,0,0.939577,-0.0490348,0.20331,
0,2,-0.891773,-0.0161527,-0.160005,1,0,0.933034,-0.0502549,0.393781,
0,2,-0.892399,-0.0159238,0.116185,1,0,0.92684,-0.0526917,0.584252,
0,0,-0.892399,-0.0159238,0.401899,1,0,0.921219,-0.0562571,0.774724,
0,0,-0.897921,-0.0182709,0.601895,1,0,0.916375,-0.0608222,0.965195,
0,0,-0.903481,-0.0219291,0.792366,1,0,0.912483,-0.0662218,1.15567,
0,0,-0.908244,-0.0265789,0.982838,1,0,0.909683,-0.0722606,1.34614,
0,0,-0.91204,-0.0320463,1.17331,1,0,0.908078,-0.0787202,1.53661,
0,0,-0.914732,-0.0381336,1.36378,1,0,0.907724,-0.0853669,1.72708,
0,0,-0.916224,-0.0446205,1.55425,1,0,0.908635,-0.0919604,1.91755,
0,0,-0.91646,-0.0512724,1.74472,1,0,0.910778,-0.0982621,2.10802,
0,0,-0.915433,-0.0578488,1.93519,1,0,0.914076,-0.104044,2.2985,
0,0,-0.913179,-0.0641117,2.12567,1,0,0.918408,-0.109097,2.48897,
0,0,-0.90978,-0.0698347,2.31614,1,0,0.923619,-0.113239,2.67944,
0,0,-0.905359,-0.0748108,2.50661,1,2,0.929519,-0.116319,2.86991,
0,0,-0.900076,-0.0788599,2.69708,1,2,0.930116,-0.116617,-3.13709,
0,0,-0.894122,-0.0818356,2.88755,1,0,0.930116,-0.116617,-2.85137,
0,0,-0.887713,-0.0836302,3.07802,1,0,0.935865,-0.1149,-2.65138,
0,0,-0.881079,-0.084179,-3.01469,1,0,0.941798,-0.111884,-2.4609,
0,0,-0.874462,-0.0834619,-2.82422,1,0,0.947049,-0.107794,-2.27043,
0,0,-0.8681,-0.081505,-2.63375,1,0,0.951431,-0.102783,-2.07996,
0,0,-0.862224,-0.078379,-2.44328,1,0,0.954785,-0.0970342,-1.88949,
0,0,-0.857045,-0.0741971,-2.2528,1,0,0.95699,-0.0907539,-1.69902,
0,0,-0.852752,-0.0691103,-2.06233,1,0,0.957966,-0.0841697,-1.50855,
0,0,-0.8495,-0.0633028,-1.87186,1,0,0.957678,-0.0775198,-1.31808,
0,0,-0.847406,-0.0569847,-1.68139,1,0,0.956136,-0.0710447,-1.1276,
0,0,-0.846546,-0.0503843,-1.49092,1,0,0.953397,-0.0649786,-0.937133,
0,0,-0.846951,-0.0437405,-1.30045,1,0,0.949558,-0.0595409,-0.746661,
0,0,-0.848607,-0.0372936,-1.10998,1,0,0.944759,-0.0549282,-0.55619,
0,0,-0.851453,-0.0312767,-0.919505,1,0,0.939174,-0.0513075,-0.365719,
0,0,-0.855387,-0.0259075,-0.729033,1,0,0.933004,-0.0488097,-0.175247,
0,0,-0.860266,-0.0213802,-0.538562,1,0,0.926473,-0.0475251,0.0152243,
0,0,-0.865915,-0.0178585,-0.348091,1,0,0.919817,-0.0475002,0.205696,
0,2,-0.872127,-0.0154698,-0.157619,1,0,0.913277,-0.0487359,0.396167,
0,2,-0.872754,-0.0152424,0.118571,1,0,0.907089,-0.0511875,0.586639,
0,0,-0.872754,-0.0152424,0.404285,1,0,0.901476,-0.0547664,0.77711,
0,0,-0.878271,-0.0176027,0.604281,1,0,0.896643,-0.059343,0.967581,
0,0,-0.883821,-0.0212741,0.794752,1,0,0.892764,-0.0647518,1.15805,
0,0,-0.888573,-0.0259353,0.985224,1,0,0.889979,-0.0707973,1.34852,
0,0,-0.892356,-0.0314117,1.1757,1,0,0.888389,-0.0772607,1.539,
0,0,-0.895034,-0.0375054,1.36617,1,0,0.888051,-0.0839082,1.72947,
0,0,-0.89651,-0.0439958,1.55664,1,0,0.888978,-0.0904995,1.91994,
0,0,-0.896731,-0.0506483,1.74711,1,0,0.891136,-0.0967961,2.11041,
0,0,-0.895687,-0.0572222,1.93758,1,0,0.894447,-0.10257,2.30088,
0,0,-0.893419,-0.0634798,2.12805,1,0,0.898791,-0.107613,2.49135,
0,0,-0.890006,-0.0691946,2.31852,1,0,0.904012,-0.111742,2.68182,
0,0,-0.885574,-0.0741601,2.509,1,2,0.90992,-0.114809,2.8723,
0,0,-0.880281,-0.0781966,2.69947,1,2,0.910517,-0.115104,-3.1347,
0,0,-0.87432,-0.0811581,2.88994,1,0,0.910517,-0.115104,-2.84899,
0,0,-0.867906,-0.0829375,3.08041,1,0,0.916263,-0.113374,-2.64899,
0,0,-0.861271,-0.0834704,-3.0123,1,0,0.922188,-0.110344,-2.45852,
0,0,-0.854656,-0.0827375,-2.82183,1,0,0.927429,-0.106241,-2.26805,
0,0,-0.848298,-0.0807654,-2.63136,1,0,0.931799,-0.10122,-2.07758,
0,0,-0.84243,-0.0776254,-2.44089,1,0,0.93514,-0.0954632,-1.8871,
0,0,-0.837261,-0.0734311,-2.25042,1,0,0.93733,-0.0891776,-1.69663,
0,0,-0.83298,-0.0683342,-2.05995,1,0,0.93829,-0.0825911,-1.50616,
0,0,-0.829742,-0.0625189,-1.86948,1,0,0.937986,-0.075942,-1.31569,
0,0,-0.827663,-0.0561958,-1.679,1,0,0.936429,-0.0694705,-1.12522,
0,0,-0.826819,-0.0495934,-1.48853,1,0,0.933675,-0.063411,-0.934747,
0,0,-0.82724,-0.0429506,-1.29806,1,0,0.929823,-0.0579824,-0.744275,
0,0,-0.828911,-0.0365076,-1.10759,1,0,0.925013,-0.0533813,-0.553804,
0,0,-0.831772,-0.0304975,-0.917119,1,0,0.91942,-0.0497739,-0.363332,
0,0,-0.835718,-0.0251377,-0.726647,1,0,0.913244,-0.0472908,-0.172861,
0,0,-0.840608,-0.0206221,-0.536176,1,0,0.90671,-0.0460218,0.0176104,
0,0,-0.846265,-0.0171139,-0.345705,1,0,0.900054,-0.0460128,0.208082,
0,2,-0.852483,-0.01474,-0.155233,1,0,0.893516,-0.0472641,0.398553,
0,2,-0.853111,-0.0145141,0.120957,1,0,0.887334,-0.0497305,0.589025,
0,0,-0.853111,-0.0145141,0.406671,1,0,0.88173,-0.0533227,0.779496,
0,0,-0.858622,-0.0168876,0.606667,1,0,0.876908,-0.0579108,0.969967,
0,0,-0.864164,-0.0205722,0.797138,1,0,0.873042,-0.0633289,1.16044,
0,0,-0.868904,-0.0252447,0.98761,1,0,0.870271,-0.069381,1.35091,
0,0,-0.872674,-0.0307302,1.17808,1,0,0.868696,-0.0758481,1.54138,
0,0,-0.875338,-0.0368302,1.36855,1,0,0.868375,-0.0824965,1.73185,
0,0,-0.876798,-0.0433241,1.55902,1,0,0.869317,-0.0890856,1.92232,
0,0,-0.877003,-0.0499771,1.7495,1,0,0.87149,-0.095377,2.1128,
0,0,-0.875944,-0.0565485,1.93997,1,0,0.874815,-0.101143,2.30327,
0,0,-0.87366,-0.0628007,2.13044,1,0,0.879171,-0.106176,2.49374,
0,0,-0.870234,-0.0685074,2.32091,1,0,0.884402,-0.110293,2.68421,
0,0,-0.86579,-0.0734623,2.51138,1,2,0.890317,-0.113345,2.87468,
0,0,-0.860488,-0.0774861,2.70185,1,2,0.890915,-0.113639,-3.13231,
0,0,-0.854519,-0.0804333,2.89232,1,0,0.890915,-0.113639,-2.8466,
0,0,-0.848101,-0.0821974,3.0828,1,0,0.896656,-0.111895,-2.6466,
0,0,-0.841465,-0.0827145,-3.00992,1,0,0.902574,-0.10885,-2.45613,
0,0,-0.834851,-0.0819658,-2.81945,1,0,0.907806,-0.104735,-2.26566,
0,0,-0.828499,-0.0799786,-2.62898,1,0,0.912164,-0.0997042,-2.07519,
0,0,-0.822637,-0.0768246,-2.4385,1,0,0.915491,-0.093939,-1.88472,
0,0,-0.817479,-0.072618,-2.24803,1,0,0.917666,-0.0876483,-1.69425,
0,0,-0.81321,-0.0675108,-2.05756,1,0,0.91861,-0.0810595,-1.50377,
0,0,-0.809986,-0.0616879,-1.86709,1,0,0.918291,-0.0744111,-1.3133,
0,0,-0.807922,-0.0553598,-1.67662,1,0,0.916718,-0.0679434,-1.12283,
0,0,-0.807094,-0.0487554,-1.48615,1,0,0.913949,-0.0618904,-0.932361,
0,0,-0.807531,-0.0421136,-1.29568,1,0,0.910085,-0.0564711,-0.741889,
0,0,-0.809217,-0.0356747,-1.1052,1,0,0.905264,-0.0518814,-0.551418,
0,0,-0.812092,-0.0296714,-0.914733,1,0,0.899661,-0.0482874,-0.360946,
0,0,-0.816051,-0.0243211,-0.724261,1,0,0.89348,-0.0458191,-0.170475,
0,0,-0.820952,-0.0198171,-0.53379,1,0,0.886943,-0.0445657,0.0199965,
0,0,-0.826617,-0.0163224,-0.343318,1,0,0.880287,-0.0445725,0.210468,
0,2,-0.832841,-0.0139634,-0.152847,1,0,0.873752,-0.0458394,0.400939,
0,2,-0.833469,-0.013739,0.123343,1,0,0.867576,-0.0483205,0.591411,
0,0,-0.833469,-0.013739,0.409057,1,0,0.861981,-0.0519261,0.781882,
0,0,-0.838974,-0.0161256,0.609053,1,0,0.85717,-0.0565257,0.972354,
0,0,-0.844507,-0.0198234,0.799524,1,0,0.853316,-0.061953,1.16283,
0,0,-0.849237,-0.0245072,0.989996,1,0,0.85056,-0.0680117,1.3533,
0,0,-0.852994,-0.0300017,1.18047,1,0,0.849001,-0.0744826,1.54377,
0,0,-0.855643,-0.036108,1.37094,1,0,0.848695,-0.0811317,1.73424,
0,0,-0.857088,-0.0426054,1.56141,1,0,0.849653,-0.0877185,1.92471,
0,0,-0.857276,-0.0492589,1.75188,1,0,0.851841,-0.0940047,2.11518,
0,0,-0.856202,-0.0558278,1.94235,1,0,0.85518,-0.0997631,2.30565,
0,0,-0.853903,-0.0620744,2.13282,1,0,0.859548,-0.104785,2.49613,
0,0,-0.850464,-0.0677729,2.3233,1,0,0.864788,-0.108889,2.6866,
0,0,-0.846007,-0.0727172,2.51377,1,2,0.870711,-0.111927,2.87707,
0,0,-0.840696,-0.0767284,2.70424,1,2,0.871309,-0.11222,-3.12993,
0,0,-0.834721,-0.0796614,2.89471,1,0,0.871309,-0.11222,-2.84421,
0,0,-0.828298,-0.0814101,3.08518,1,0,0.877046,-0.110462,-2.64422,
0,0,-0.821661,-0.0819113,-3.00753,1,0,0.882957,-0.107404,-2.45375,
0,0,-0.815049,-0.0811469,-2.81706,1,0,0.888179,-0.103276,-2.26327,
0,0,-0.808701,-0.0791445,-2.62659,1,0,0.892525,-0.0982349,-2.0728,
0,0,-0.802847,-0.0759766,-2.43612,1,0,0.895838,-0.0924618,-1.88233,
0,0,-0.797699,-0.0717576,-2.24565,1,0,0.897998,-0.0861659,-1.69186,
0,0,-0.793442,-0.0666403,-2.05518,1,0,0.898927,-0.0795749,-1.50139,
0,0,-0.790232,-0.0608097,-1.8647,1,0,0.898591,-0.0729272,-1.31092,
0,0,-0.788183,-0.0544767,-1.67423,1,0,0.897003,-0.0664633,-1.12045,
0,0,-0.78737,-0.0478704,-1.48376,1,0,0.89422,-0.060417,-0.929975,
0,0,-0.787823,-0.0412296,-1.29329,1,0,0.890342,-0.0550069,-0.739503,
0,0,-0.789525,-0.0347947,-1.10282,1,0,0.885511,-0.0504287,-0.549032,
0,0,-0.792414,-0.0287984,-0.912347,1,0,0.8799,-0.0468481,-0.35856,
0,0,-0.796387,-0.0234575,-0.721875,1,0,0.873712,-0.0443945,-0.168089,
0,0,-0.801298,-0.0189652,-0.531404,1,0,0.867172,-0.0431567,0.0223825,
0,0,-0.806971,-0.015484,-0.340932,1,0,0.860516,-0.0431794,0.212854,
0,2,-0.813201,-0.0131399,-0.150461,1,0,0.853985,-0.0444619,0.403325,
0,2,-0.813829,-0.0129169,0.125729,1,0,0.847814,-0.0469578,0.593797,
0,0,-0.813829,-0.0129169,0.411443,1,0,0.842228,-0.0505767,0.784268,
0,0,-0.819329,-0.0153167,0.611439,1,0,0.837428,-0.0551878,0.97474,
0,0,-0.824853,-0.0190277,0.801911,1,0,0.833587,-0.0606242,1.16521,
0,0,-0.829571,-0.0237228,0.992382,1,0,0.830846,-0.0666895,1.35568,
0,0,-0.833315,-0.0292262,1.18285,1,0,0.829302,-0.0731641,1.54615,
0,0,-0.83595,-0.0353388,1.37332,1,0,0.829012,-0.0798139,1.73663,
0,0,-0.837379,-0.0418397,1.5638,1,0,0.829986,-0.0863984,1.9271,
0,0,-0.837552,-0.0484936,1.75427,1,0,0.832189,-0.0926794,2.11757,
0,0,-0.836462,-0.0550599,1.94474,1,0,0.835541,-0.0984297,2.30804,
0,0,-0.834148,-0.061301,2.13521,1,0,0.839921,-0.103441,2.49851,
0,0,-0.830695,-0.0669913,2.32568,1,0,0.845171,-0.107533,2.68898,
0,0,-0.826227,-0.0719249,2.51615,1,2,0.851101,-0.110557,2.87945,
0,0,-0.820906,-0.0759234,2.70662,1,2,0.8517,-0.110848,-3.12754,
0,0,-0.814924,-0.0788421,2.8971,1,0,0.8517,-0.110848,-2.84183,
0,0,-0.808497,-0.0805756,3.08757,1,0,0.857433,-0.109077,-2.64183,
0,0,-0.801859,-0.081061,-3.00515,1,0,0.863337,-0.106004,-2.45136,
0,0,-0.795248,-0.0802808,-2.81467,1,0,0.868549,-0.101864,-2.26089,
0,0,-0.788905,-0.0782632,-2.6242,1,0,0.872882,-0.0968125,-2.07042,
0,0,-0.783059,-0.0750813,-2.43373,1,0,0.876182,-0.0910315,-1.87995,
0,0,-0.777921,-0.0708501,-2.24326,1,0,0.878327,-0.0847304,-1.68947,
0,0,-0.773677,-0.0657226,-2.05279,1,0,0.87924,-0.0781372,-1.499,
0,0,-0.77048,-0.0598844,-1.86232,1,0,0.878888,-0.0714904,-1.30853,
0,0,-0.768446,-0.0535465,-1.67185,1,0,0.877285,-0.0650303,-1.11806,
0,0,-0.767649,-0.0469382,-1.48137,1,0,0.874487,-0.0589906,-0.927588,
0,0,-0.768118,-0.0402986,-1.2909,1,0,0.870597,-0.0535898,-0.737117,
0,0,-0.769835,-0.0338678,-1.10043,1,0,0.865754,-0.0490231,-0.546646,
0,0,-0.772739,-0.0278783,-0.909961,1,0,0.860135,-0.0454559,-0.356174,
0,0,-0.776724,-0.0225469,-0.719489,1,0,0.853942,-0.0430171,-0.165703,
0,0,-0.781646,-0.0180664,-0.529018,1,0,0.847399,-0.0417949,0.0247686,
0,0,-0.787328,-0.0145988,-0.338546,1,0,0.840743,-0.0418335,0.21524,
0,2,-0.793563,-0.0122695,-0.148075,1,0,0.834214,-0.0431316,0.405711,
0,2,-0.794192,-0.0120481,0.128115,1,0,0.82805,-0.0456421,0.596183,
0,0,-0.794192,-0.0120481,0.413829,1,0,0.822472,-0.0492744,0.786654,
0,0,-0.799685,-0.0144609,0.613825,1,0,0.817683,-0.0538969,0.977126,
0,0,-0.805201,-0.0181852,0.804297,1,0,0.813855,-0.0593425,1.1676,
0,0,-0.809908,-0.0228915,0.994768,1,0,0.811128,-0.0654143,1.35807,
0,0,-0.813639,-0.0284038,1.18524,1,0,0.8096,-0.0718926,1.54854,
0,0,-0.816258,-0.0345227,1.37571,1,0,0.809325,-0.0785431,1.73901,
0,0,-0.817672,-0.0410269,1.56618,1,0,0.810315,-0.0851252,1.92948,
0,0,-0.817829,-0.0476812,1.75665,1,0,0.812533,-0.0914009,2.11995,
0,0,-0.816723,-0.0542449,1.94713,1,0,0.815899,-0.0971432,2.31043,
0,0,-0.814395,-0.0604805,2.1376,1,0,0.820291,-0.102144,2.5009,
0,0,-0.810928,-0.0661625,2.32807,1,0,0.825551,-0.106224,2.69137,
0,0,-0.806448,-0.0710855,2.51854,1,2,0.831488,-0.109233,2.88184,
0,0,-0.801118,-0.0750712,2.70901,1,2,0.832088,-0.109523,-3.12516,
0,0,-0.795129,-0.0779757,2.89948,1,0,0.832088,-0.109523,-2.83944,
0,0,-0.788698,-0.0796938,3.08995,1,0,0.837817,-0.107738,-2.63945,
0,0,-0.782058,-0.0801633,-3.00276,1,0,0.843713,-0.104651,-2.44897,
0,0,-0.77545,-0.0793674,-2.81229,1,0,0.848915,-0.100499,-2.2585,
0,0,-0.769112,-0.0773347,-2.62182,1,0,0.853237,-0.0954369,-2.06803,
0,0,-0.763273,-0.0741388,-2.43135,1,0,0.856522,-0.089648,-1.87756,
0,0,-0.758145,-0.0698954,-2.24087,1,0,0.858652,-0.0833419,-1.68709,
0,0,-0.753913,-0.0647578,-2.0504,1,0,0.85955,-0.0767465,-1.49662,
0,0,-0.75073,-0.0589119,-1.85993,1,0,0.859182,-0.0701005,-1.30615,
0,0,-0.748712,-0.0525692,-1.66946,1,0,0.857563,-0.0636443,-1.11567,
0,0,-0.747931,-0.0459591,-1.47899,1,0,0.854751,-0.0576113,-0.925202,
0,0,-0.748415,-0.0393206,-1.28852,1,0,0.850848,-0.0522198,-0.734731,
0,0,-0.750148,-0.0328939,-1.09805,1,0,0.845995,-0.0476647,-0.54426,
0,0,-0.753065,-0.0269114,-0.907574,1,0,0.840367,-0.0441109,-0.353788,
0,0,-0.757063,-0.0215895,-0.717103,1,0,0.834168,-0.0416869,-0.163317,
0,0,-0.761996,-0.0171207,-0.526632,1,0,0.827622,-0.0404803,0.0271547,
0,0,-0.767686,-0.0136666,-0.33616,1,0,0.820966,-0.0405348,0.217626,
0,2,-0.773927,-0.0113523,-0.145689,1,0,0.814441,-0.0418484,0.408098,
0,2,-0.774556,-0.0111323,0.130501,1,0,0.808282,-0.0443737,0.598569,
0,0,-0.774556,-0.0111323,0.416216,1,0,0.802713,-0.0480192,0.78904,
0,0,-0.780044,-0.0135583,0.616211,1,0,0.797935,-0.0526532,0.979512,
0,0,-0.785551,-0.0172957,0.806683,1,0,0.79412,-0.0581079,1.16998,
0,0,-0.790246,-0.0220132,0.997154,1,0,0.791408,-0.0641862,1.36045,
0,0,-0.793964,-0.0275344,1.18763,1,0,0.789895,-0.0706681,1.55093,
0,0,-0.796569,-0.0336595,1.3781,1,0,0.789636,-0.0773192,1.7414,
0,0,-0.797967,-0.0401671,1.56857,1,0,0.790642,-0.0838989,1.93187,
0,0,-0.798108,-0.0468218,1.75904,1,0,0.792875,-0.0901694,2.12234,
0,0,-0.796987,-0.0533828,1.94951,1,0,0.796254,-0.0959036,2.31281,
0,0,-0.794644,-0.0596128,2.13998,1,0,0.800659,-0.100894,2.50328,
0,0,-0.791163,-0.0652866,2.33045,1,0,0.805928,-0.104961,2.69375,
0,0,-0.786672,-0.0701988,2.52093,1,2,0.811872,-0.107956,2.88423,
0,0,-0.781332,-0.0741719,2.7114,1,2,0.812473,-0.108245,-3.12277,
0,0,-0.775336,-0.077062,2.90187,1,0,0.812473,-0.108245,-2.83705,
0,0,-0.768901,-0.0787647,3.09234,1,0,0.818197,-0.106446,-2.63706,
0,0,-0.76226,-0.0792184,-3.00037,1,0,0.824086,-0.103345,-2.44659,
0,0,-0.755654,-0.0784067,-2.8099,1,0,0.829278,-0.0991807,-2.25612,
0,0,-0.749321,-0.0763589,-2.61943,1,0,0.833588,-0.0941082,-2.06564,
0,0,-0.743489,-0.0731492,-2.42896,1,0,0.836859,-0.0883115,-1.87517,
0,0,-0.738372,-0.0688935,-2.23849,1,0,0.838974,-0.0820003,-1.6847,
0,0,-0.734152,-0.0637458,-2.04802,1,0,0.839856,-0.0754028,-1.49423,
0,0,-0.730983,-0.0578924,-1.85755,1,0,0.839473,-0.0687577,-1.30376,
0,0,-0.72898,-0.0515449,-1.66707,1,0,0.837838,-0.0623054,-1.11329,
0,0,-0.728214,-0.0449329,-1.4766,1,0,0.835012,-0.0562791,-0.922816,
0,0,-0.728715,-0.0382956,-1.28613,1,0,0.831096,-0.0508969,-0.732345,
0,0,-0.730462,-0.031873,-1.09566,1,0,0.826232,-0.0463534,-0.541873,
0,0,-0.733395,-0.0258975,-0.905188,1,0,0.820595,-0.0428131,-0.351402,
0,0,-0.737405,-0.0205851,-0.714717,1,0,0.81439,-0.0404038,-0.160931,
0,0,-0.742349,-0.0161281,-0.524245,1,0,0.807842,-0.0392129,0.0295408,
0,0,-0.748047,-0.0126877,-0.333774,1,0,0.801186,-0.0392833,0.220012,
0,2,-0.754293,-0.0103882,-0.143303,1,0,0.794664,-0.0406125,0.410484,
0,2,-0.754923,-0.0101698,0.132887,1,0,0.788511,-0.0431524,0.600955,
0,0,-0.754923,-0.0101698,0.418602,1,0,0.782951,-0.0468112,0.791427,
0,0,-0.760405,-0.0126088,0.618597,1,0,0.778184,-0.0514565,0.981898,
0,0,-0.765903,-0.0163593,0.809069,1,0,0.774383,-0.0569204,1.17237,
0,0,-0.770587,-0.021088,0.99954,1,0,0.771684,-0.0630051,1.36284,
0,0,-0.774291,-0.0266181,1.19001,1,0,0.770187,-0.0694906,1.55331,
0,0,-0.776882,-0.0327494,1.38048,1,0,0.769944,-0.0761423,1.74378,
0,0,-0.778265,-0.0392603,1.57095,1,0,0.770965,-0.0827196,1.93426,
0,0,-0.77839,-0.0459153,1.76143,1,0,0.773213,-0.0889847,2.12473,
0,0,-0.777253,-0.0524736,1.9519,1,0,0.776607,-0.0947109,2.3152,
0,0,-0.774895,-0.058698,2.14237,1,0,0.781023,-0.0996911,2.50567,
0,0,-0.771401,-0.0643635,2.33284,1,0,0.786302,-0.103745,2.69614,
0,0,-0.766898,-0.069265,2.52331,1,2,0.792253,-0.106726,2.88661,
0,0,-0.761548,-0.0732253,2.71378,1,2,0.792855,-0.107014,-3.12038,
0,0,-0.755545,-0.0761011,2.90425,1,0,0.792855,-0.107014,-2.83467,
0,0,-0.749106,-0.0777885,3.09473,1,0,0.798575,-0.105201,-2.63467,
0,0,-0.742465,-0.0782263,-2.99799,1,0,0.804456,-0.102086,-2.4442,
0,0,-0.73586,-0.0773989,-2.80752,1,0,0.809638,-0.0979091,-2.25373,
0,0,-0.729532,-0.075336,-2.61705,1,0,0.813936,-0.0928264,-2.06326,
0,0,-0.723708,-0.0721123,-2.42657,1,0,0.817193,-0.0870219,-1.87279,
0,0,-0.718601,-0.0678444,-2.2361,1,0,0.819293,-0.0807057,-1.68232,
0,0,-0.714393,-0.0626867,-2.04563,1,0,0.820159,-0.0741061,-1.49184,
0,0,-0.711238,-0.0568257,-1.85516,1,0,0.81976,-0.067462,-1.30137,
0,0,-0.70925,-0.0504734,-1.66469,1,0,0.818111,-0.0610135,-1.1109,
0,0,-0.708501,-0.0438596,-1.47422,1,0,0.81527,-0.054994,-0.92043,
0,0,-0.709017,-0.0372235,-1.28375,1,0,0.811341,-0.0496211,-0.729959,
0,0,-0.71078,-0.0308051,-1.09327,1,0,0.806466,-0.0450893,-0.539487,
0,0,-0.713726,-0.0248366,-0.902802,1,0,0.800821,-0.0415624,-0.349016,
0,0,-0.717749,-0.0195339,-0.712331,1,0,0.79461,-0.039168,-0.158545,
0,0,-0.722703,-0.0150887,-0.521859,1,0,0.788059,-0.0379926,0.0319269,
0,0,-0.72841,-0.0116618,-0.331388,1,0,0.781403,-0.0380789,0.222398,
0,2,-0.734661,-0.00937725,-0.140917,1,0,0.774884,-0.0394237,0.41287,
0,2,-0.735292,-0.00916033,0.135273,1,0,0.768738,-0.0419783,0.603341,
0,0,-0.735292,-0.00916033,0.420988,1,0,0.763186,-0.0456504,0.793813,
0,0,-0.740768,-0.0116124,0.620983,1,0,0.75843,-0.0503071,0.984284,
0,0,-0.746257,-0.0153761,0.811455,1,0,0.754642,-0.0557799,1.17476,
0,0,-0.75093,-0.0201159,1.00193,1,0,0.751958,-0.0618711,1.36523,
0,0,-0.754621,-0.0256548,1.1924,1,0,0.750476,-0.0683601,1.5557,
0,0,-0.757197,-0.0317923,1.38287,1,0,0.750249,-0.0750124,1.74617,
0,0,-0.758564,-0.0383065,1.57334,1,0,0.751286,-0.0815873,1.93664,
0,0,-0.758674,-0.0449618,1.76381,1,0,0.753549,-0.087847,2.12711,
0,0,-0.757521,-0.0515173,1.95428,1,0,0.756956,-0.093565,2.31758,
0,0,-0.755148,-0.0577361,2.14475,1,0,0.761384,-0.0985347,2.50806,
0,0,-0.751641,-0.0633932,2.33523,1,0,0.766673,-0.102576,2.69853,
0,0,-0.747126,-0.0682839,2.5257,1,2,0.772631,-0.105543,2.889,
0,0,-0.741766,-0.0722315,2.71617,1,2,0.773234,-0.105829,-3.118,
0,0,-0.735757,-0.075093,2.90664,1,0,0.773234,-0.105829,-2.83228,
0,0,-0.729314,-0.076765,3.09711,1,0,0.778949,-0.104003,-2.63229,
0,0,-0.722671,-0.077187,-2.9956,1,0,0.784823,-0.100874,-2.44182,
0,0,-0.716069,-0.0763437,-2.80513,1,0,0.789995,-0.0966845,-2.25134,
0,0,-0.709745,-0.0742658,-2.61466,1,0,0.794281,-0.0915915,-2.06087,
0,0,-0.70393,-0.0710282,-2.42419,1,0,0.797524,-0.0857793,-1.8704,
0,0,-0.698832,-0.0667481,-2.23372,1,0,0.799609,-0.079458,-1.67993,
0,0,-0.694637,-0.0615804,-2.04324,1,0,0.800459,-0.0728564,-1.48946,
0,0,-0.691496,-0.0557119,-1.85277,1,0,0.800045,-0.0662132,-1.29899,
0,0,-0.689523,-0.0493549,-1.6623,1,0,0.79838,-0.0597687,-1.10852,
0,0,-0.688789,-0.0427393,-1.47183,1,0,0.795524,-0.053756,-0.918044,
0,0,-0.689321,-0.0361045,-1.28136,1,0,0.791583,-0.0483926,-0.727573,
0,0,-0.6911,-0.0296903,-1.09089,1,0,0.786697,-0.0438724,-0.537101,
0,0,-0.69406,-0.0237289,-0.900416,1,0,0.781043,-0.0403589,-0.34663,
0,0,-0.698096,-0.0184357,-0.709945,1,0,0.774827,-0.0379793,-0.156158,
0,0,-0.703061,-0.0140024,-0.519473,1,0,0.768273,-0.0368196,0.034313,
0,0,-0.708775,-0.0105891,-0.329002,1,0,0.761617,-0.0369218,0.224784,
0,2,-0.715032,-0.00831948,-0.13853,1,0,0.755102,-0.0382821,0.415256,
0,2,-0.715663,-0.00810407,0.13766,1,0,0.748962,-0.0408514,0.605727,
0,0,-0.715663,-0.00810407,0.423374,1,0,0.743419,-0.0445367,0.796199,
0,0,-0.721134,-0.0105692,0.62337,1,0,0.738674,-0.0492047,0.98667,
0,0,-0.726613,-0.0143459,0.813841,1,0,0.734899,-0.0546866,1.17714,
0,0,-0.731275,-0.019097,1.00431,1,0,0.732229,-0.0607841,1.36761,
0,0,-0.734953,-0.0246446,1.19478,1,0,0.730763,-0.0672767,1.55808,
0,0,-0.737514,-0.0307883,1.38526,1,0,0.730552,-0.0739295,1.74856,
0,0,-0.738866,-0.0373057,1.57573,1,0,0.731605,-0.0805019,1.93903,
0,0,-0.73896,-0.0439612,1.7662,1,0,0.733882,-0.0867562,2.1295,
0,0,-0.737791,-0.050514,1.95667,1,0,0.737303,-0.0924661,2.31997,
0,0,-0.735404,-0.0567271,2.14714,1,0,0.741743,-0.0974251,2.51044,
0,0,-0.731883,-0.0623758,2.33761,1,0,0.747041,-0.101454,2.70091,
0,0,-0.727356,-0.0672557,2.52808,1,2,0.753007,-0.104407,2.89138,
0,0,-0.721987,-0.0711905,2.71856,1,2,0.75361,-0.104691,-3.11561,
0,0,-0.715971,-0.0740376,2.90903,1,0,0.75361,-0.104691,-2.8299,
0,0,-0.709524,-0.0756942,3.0995,1,0,0.759321,-0.102851,-2.6299,
0,0,-0.702881,-0.0761004,-2.99322,1,0,0.765187,-0.0997085,-2.43943,
0,0,-0.69628,-0.0752414,-2.80274,1,0,0.770349,-0.0955067,-2.24896,
0,0,-0.689962,-0.0731484,-2.61227,1,0,0.774623,-0.0904035,-2.05849,
0,0,-0.684154,-0.0698969,-2.4218,1,0,0.777853,-0.0845835,-1.86802,
0,0,-0.679066,-0.0656047,-2.23133,1,0,0.779922,-0.0782573,-1.67754,
0,0,-0.674884,-0.060427,-2.04086,1,0,0.780757,-0.0716537,-1.48707,
0,0,-0.671757,-0.054551,-1.85039,1,0,0.780326,-0.0650115,-1.2966,
0,0,-0.669799,-0.0481893,-1.65992,1,0,0.778646,-0.058571,-1.10613,
0,0,-0.669081,-0.041572,-1.46944,1,0,0.775776,-0.0525651,-0.915658,
0,0,-0.669629,-0.0349384,-1.27897,1,0,0.771822,-0.0472111,-0.725187,
0,0,-0.671422,-0.0285286,-1.0885,1,0,0.766925,-0.0427026,-0.534715,
0,0,-0.674397,-0.0225742,-0.89803,1,0,0.761263,-0.0392027,-0.344244,
0,0,-0.678445,-0.0172907,-0.707559,1,0,0.755041,-0.0368379,-0.153772,
0,0,-0.683421,-0.0128692,-0.517087,1,0,0.748484,-0.0356938,0.0366991,
0,0,-0.689143,-0.00946959,-0.326616,1,0,0.741829,-0.0358119,0.227171,
0,2,-0.695406,-0.00721487,-0.136144,1,0,0.735317,-0.0371877,0.417642,
0,2,-0.696037,-0.00700097,0.140046,1,0,0.729183,-0.0397717,0.608113,
0,0,-0.696037,-0.00700097,0.42576,1,0,0.723649,-0.0434702,0.798585,
0,0,-0.701502,-0.00947917,0.625756,1,0,0.718915,-0.0481495,0.989056,
0,0,-0.706973,-0.013269,0.816227,1,0,0.715153,-0.0536404,1.17953,
0,0,-0.711623,-0.0180311,1.0067,1,0,0.712498,-0.0597443,1.37,
0,0,-0.715288,-0.0235875,1.19717,1,0,0.711047,-0.0662403,1.56047,
0,0,-0.717834,-0.0297372,1.38764,1,0,0.710852,-0.0728936,1.75094,
0,0,-0.719171,-0.0362579,1.57811,1,0,0.71192,-0.0794635,1.94141,
0,0,-0.719248,-0.0429136,1.76858,1,0,0.714213,-0.0857123,2.13188,
0,0,-0.718064,-0.0494636,1.95906,1,0,0.717647,-0.091414,2.32236,
0,0,-0.715662,-0.055671,2.14953,1,0,0.722099,-0.0963625,2.51283,
0,0,-0.712127,-0.0613112,2.34,1,0,0.727407,-0.100379,2.7033,
0,0,-0.707589,-0.0661804,2.53047,1,2,0.733379,-0.103317,2.89377,
0,0,-0.702211,-0.0701023,2.72094,1,2,0.733983,-0.1036,-3.11322,
0,0,-0.696188,-0.0729351,2.91141,1,0,0.733983,-0.1036,-2.82751,
0,0,-0.689737,-0.0745763,3.10188,1,0,0.73969,-0.101746,-2.62751,
0,0,-0.683092,-0.0749666,-2.99083,1,0,0.745549,-0.0985899,-2.43704,
0,0,-0.676494,-0.0740919,-2.80036,1,0,0.750701,-0.0943758,-2.24657,
0,0,-0.67018,-0.0719837,-2.60989,1,0,0.754962,-0.0892624,-2.0561,
0,0,-0.66438,-0.0687185,-2.41942,1,0,0.758178,-0.0834347,-1.86563,
0,0,-0.659303,-0.0644141,-2.22894,1,0,0.760233,-0.0771036,-1.67516,
0,0,-0.655133,-0.0592264,-2.03847,1,0,0.761051,-0.070498,-1.48469,
0,0,-0.65202,-0.053343,-1.848,1,0,0.760605,-0.0638569,-1.29421,
0,0,-0.650077,-0.0469767,-1.65753,1,0,0.758909,-0.0574204,-1.10374,
0,0,-0.649375,-0.0403577,-1.46706,1,0,0.756025,-0.0514214,-0.913272,
0,0,-0.649939,-0.0337254,-1.27659,1,0,0.752058,-0.0460768,-0.722801,
0,0,-0.651748,-0.0273198,-1.08612,1,0,0.74715,-0.04158,-0.532329,
0,0,-0.654737,-0.0213726,-0.895644,1,0,0.74148,-0.0380936,-0.341858,
0,0,-0.658798,-0.0160988,-0.705173,1,0,0.735253,-0.0357437,-0.151386,
0,0,-0.663784,-0.0116891,-0.514701,1,0,0.728693,-0.0346153,0.0390852,
0,0,-0.669514,-0.00830321,-0.32423,1,0,0.722038,-0.0347492,0.229557,
0,2,-0.675782,-0.00606344,-0.133758,1,0,0.715529,-0.0361406,0.420028,
0,2,-0.676414,-0.00585105,0.142432,1,0,0.709401,-0.0387391,0.610499,
0,0,-0.676414,-0.00585105,0.428146,1,0,0.703876,-0.0424508,0.800971,
0,0,-0.681873,-0.00834228,0.628142,1,0,0.699154,-0.0471414,0.991442,
0,0,-0.687334,-0.0121451,0.818613,1,0,0.695404,-0.0526413,1.18191,
0,0,-0.691973,-0.0169183,1.00908,1,0,0.692764,-0.0587515,1.37239,
0,0,-0.695625,-0.0224835,1.19956,1,0,0.691329,-0.065251,1.56286,
0,0,-0.698157,-0.0286393,1.39003,1,0,0.69115,-0.0719047,1.75333,
0,0,-0.699477,-0.0351631,1.5805,1,0,0.692234,-0.078472,1.9438,
0,0,-0.699539,-0.0418189,1.77097,1,0,0.694541,-0.0847153,2.13427,
0,0,-0.698339,-0.0483661,1.96144,1,0,0.697989,-0.0904089,2.32474,
0,0,-0.695922,-0.0545677,2.15191,1,0,0.702453,-0.0953467,2.51521,
0,0,-0.692374,-0.0601996,2.34238,1,0,0.70777,-0.0993502,2.70569,
0,0,-0.687824,-0.0650579,2.53286,1,2,0.713749,-0.102275,2.89616,
0,0,-0.682437,-0.0689669,2.72333,1,2,0.714354,-0.102556,-3.11084,
0,0,-0.676407,-0.0717853,2.9138,1,0,0.714354,-0.102556,-2.82512,
0,0,-0.669953,-0.0734112,3.10427,1,0,0.720056,-0.100689,-2.62513,
0,0,-0.663307,-0.0737856,-2.98844,1,0,0.725907,-0.0975182,-2.43466,
0,0,-0.656711,-0.0728951,-2.79797,1,0,0.73105,-0.0932917,-2.24419,
0,0,-0.650402,-0.0707719,-2.6075,1,0,0.735298,-0.0881682,-2.05371,
0,0,-0.64461,-0.0674928,-2.41703,1,0,0.738501,-0.0823329,-1.86324,
0,0,-0.639543,-0.0631764,-2.22656,1,0,0.74054,-0.0759969,-1.67277,
0,0,-0.635385,-0.0579787,-2.03609,1,0,0.741343,-0.0693894,-1.4823,
0,0,-0.632286,-0.0520879,-1.84562,1,0,0.740881,-0.0627493,-1.29183,
0,0,-0.630359,-0.045717,-1.65514,1,0,0.739169,-0.0563169,-1.10136,
0,0,-0.629672,-0.0390963,-1.46467,1,0,0.736271,-0.0503248,-0.910886,
0,0,-0.630252,-0.0324654,-1.2742,1,0,0.732291,-0.0449897,-0.720414,
0,0,-0.632076,-0.0260642,-1.08373,1,0,0.727373,-0.0405046,-0.529943,
0,0,-0.635079,-0.0201241,-0.893258,1,0,0.721695,-0.0370317,-0.339472,
0,0,-0.639153,-0.01486,-0.702786,1,0,0.715462,-0.0346967,-0.149,
0,0,-0.644149,-0.0104622,-0.512315,1,0,0.708899,-0.0335839,0.0414713,
0,0,-0.649888,-0.00709,-0.321844,1,0,0.702245,-0.0337337,0.231943,
0,2,-0.656161,-0.00486519,-0.131372,1,0,0.695739,-0.0351406,0.422414,
0,2,-0.656794,-0.0046543,0.144818,1,0,0.689617,-0.0377538,0.612886,
0,0,-0.656794,-0.0046543,0.430532,1,0,0.684101,-0.0414787,0.803357,
0,0,-0.662246,-0.00715856,0.630528,1,0,0.67939,-0.0461805,0.993828,
0,0,-0.667699,-0.0109744,0.820999,1,0,0.675654,-0.0516893,1.1843,
0,0,-0.672327,-0.0157587,1.01147,1,0,0.673028,-0.0578058,1.37477,
0,0,-0.675965,-0.0213325,1.20194,1,0,0.671608,-0.0643087,1.56524,
0,0,-0.678482,-0.0274943,1.39241,1,0,0.671445,-0.0709628,1.75571,
0,0,-0.679787,-0.0340213,1.58288,1,0,0.672545,-0.0775275,1.94619,
0,0,-0.679833,-0.0406773,1.77336,1,0,0.674867,-0.0837653,2.13666,
0,0,-0.678618,-0.0472215,1.96383,1,0,0.678329,-0.0894506,2.32713,
0,0,-0.676185,-0.0534174,2.1543,1,0,0.682804,-0.0943778,2.5176,
0,0,-0.672624,-0.0590407,2.34477,1,0,0.688131,-0.0983686,2.70807,
0,0,-0.668063,-0.0638882,2.53524,1,2,0.694117,-0.101279,2.89854,
0,0,-0.662666,-0.0677844,2.72571,1,2,0.694722,-0.101559,-3.10845,
0,0,-0.656629,-0.0705884,2.91618,1,0,0.694722,-0.101559,-2.82274,
0,0,-0.650171,-0.0721988,3.10666,1,0,0.70042,-0.0996777,-2.62274,
0,0,-0.643525,-0.0725574,-2.98606,1,0,0.706264,-0.0964933,-2.43227,
0,0,-0.63693,-0.0716512,-2.79559,1,0,0.711396,-0.0922546,-2.2418,
0,0,-0.630627,-0.0695129,-2.60511,1,0,0.715633,-0.0871209,-2.05133,
0,0,-0.624842,-0.06622,-2.41464,1,0,0.718821,-0.081278,-1.86086,
0,0,-0.619786,-0.0618915,-2.22417,1,0,0.720845,-0.0749372,-1.67039,
0,0,-0.61564,-0.056684,-2.0337,1,0,0.721632,-0.0683277,-1.47991,
0,0,-0.612556,-0.0507857,-1.84323,1,0,0.721154,-0.0616888,-1.28944,
0,0,-0.610643,-0.0444102,-1.65276,1,0,0.719427,-0.0552605,-1.09897,
0,0,-0.609973,-0.0377879,-1.46229,1,0,0.716515,-0.0492753,-0.9085,
0,0,-0.610568,-0.0311585,-1.27181,1,0,0.712522,-0.0439497,-0.718028,
0,0,-0.612408,-0.0247616,-1.08134,1,0,0.707594,-0.0394764,-0.527557,
0,0,-0.615425,-0.0188287,-0.890872,1,0,0.701907,-0.036017,-0.337085,
0,0,-0.619511,-0.0135743,-0.7004,1,0,0.695668,-0.0336969,-0.146614,
0,0,-0.624518,-0.0091885,-0.509929,1,0,0.689103,-0.0325998,0.0438574,
0,0,-0.630265,-0.00582996,-0.319457,1,0,0.682449,-0.0327655,0.234329,
0,2,-0.636543,-0.00362013,-0.128986,1,0,0.675947,-0.0341879,0.4248,
0,2,-0.637176,-0.00341075,0.147204,1,0,0.669831,-0.0368157,0.615272,
0,0,-0.637176,-0.00341075,0.432918,1,0,0.664324,-0.0405537,0.805743,
0,0,-0.642623,-0.005928,0.632914,1,0,0.659624,-0.0452668,0.996215,
0,0,-0.648066,-0.00975686,0.823385,1,0,0.655901,-0.0507845,1.18669,
0,0,-0.652682,-0.0145521,1.01386,1,0,0.65329,-0.0569072,1.37716,
0,0,-0.656307,-0.0201346,1.20433,1,0,0.651886,-0.0634135,1.56763,
0,0,-0.65881,-0.0263025,1.3948,1,0,0.651738,-0.070068,1.7581,
0,0,-0.660099,-0.0328325,1.58527,1,0,0.652854,-0.07663,1.94857,
0,0,-0.660129,-0.0394886,1.77574,1,0,0.655191,-0.0828623,2.13904,
0,0,-0.658898,-0.0460299,1.96621,1,0,0.658666,-0.0885393,2.32951,
0,0,-0.656451,-0.05222,2.15669,1,0,0.663153,-0.0934558,2.51999,
0,0,-0.652877,-0.0578348,2.34716,1,0,0.668489,-0.0974338,2.71046,
0,0,-0.648304,-0.0626713,2.53763,1,2,0.674483,-0.10033,2.90093,
0,0,-0.642898,-0.0665546,2.7281,1,2,0.675088,-0.100608,-3.10607,
0,0,-0.636855,-0.0693442,2.91857,1,0,0.675088,-0.100608,-2.82035,
0,0,-0.630392,-0.0709393,3.10904,1,0,0.680782,-0.0987137,-2.62036,
0,0,-0.623745,-0.071282,-2.98367,1,0,0.686618,-0.0955153,-2.42989,
0,0,-0.617153,-0.07036,-2.7932,1,0,0.69174,-0.0912643,-2.23941,
0,0,-0.610855,-0.0682068,-2.60273,1,0,0.695964,-0.0861206,-2.04894,
0,0,-0.605078,-0.0649,-2.41226,1,0,0.699138,-0.0802701,-1.85847,
0,0,-0.600032,-0.0605595,-2.22179,1,0,0.701148,-0.0739244,-1.668,
0,0,-0.595899,-0.0553421,-2.03131,1,0,0.701919,-0.0673131,-1.47753,
0,0,-0.592828,-0.0494365,-1.84084,1,0,0.701425,-0.0606754,-1.28706,
0,0,-0.590931,-0.0430564,-1.65037,1,0,0.699683,-0.0542512,-1.09659,
0,0,-0.590276,-0.0364326,-1.4599,1,0,0.696756,-0.048273,-0.906114,
0,0,-0.590887,-0.0298045,-1.26943,1,0,0.692751,-0.0429569,-0.715642,
0,0,-0.592742,-0.0234121,-1.07896,1,0,0.687811,-0.0384953,-0.525171,
0,0,-0.595774,-0.0174863,-0.888486,1,0,0.682117,-0.0350496,-0.334699,
0,0,-0.599872,-0.0122417,-0.698014,1,0,0.675872,-0.0327443,-0.144228,
0,0,-0.60489,-0.00786792,-0.507543,1,0,0.669305,-0.0316629,0.0462435,
0,0,-0.610644,-0.0045231,-0.317071,1,0,0.662651,-0.0318445,0.236715,
0,2,-0.616928,-0.00232826,-0.1266,1,0,0.656152,-0.0332824,0.427186,
0,2,-0.617562,-0.00212039,0.14959,1,0,0.650043,-0.0359248,0.617658,
0,0,-0.617562,-0.00212039,0.435304,1,0,0.644544,-0.0396759,0.808129,
0,0,-0.623002,-0.00465063,0.6353,1,0,0.639856,-0.0444002,0.998601,
0,0,-0.628437,-0.00849246,0.825771,1,0,0.636146,-0.0499268,1.18907,
0,0,-0.633041,-0.0132987,1.01624,1,0,0.63355,-0.0560557,1.37954,
0,0,-0.636653,-0.0188899,1.20671,1,0,0.632161,-0.0625653,1.57001,
0,0,-0.639141,-0.0250637,1.39719,1,0,0.632029,-0.0692202,1.76049,
0,0,-0.640415,-0.0315968,1.58766,1,0,0.63316,-0.0757795,1.95096,
0,0,-0.640429,-0.0382529,1.77813,1,0,0.635512,-0.0820062,2.14143,
0,0,-0.639182,-0.0447913,1.9686,1,0,0.639001,-0.0876749,2.3319,
0,0,-0.63672,-0.0509755,2.15907,1,0,0.6435,-0.0925806,2.52237,
0,0,-0.633132,-0.0565817,2.34954,1,0,0.648846,-0.0965459,2.71284,
0,0,-0.628548,-0.0614074,2.54001,1,2,0.654846,-0.0994274,2.90331,
0,0,-0.623133,-0.0652777,2.73049,1,2,0.655452,-0.0997046,-3.10368,
0,0,-0.617083,-0.0680529,2.92096,1,0,0.655452,-0.0997046,-2.81797,
0,0,-0.610617,-0.0696325,3.11143,1,0,0.661141,-0.0977965,-2.61797,
0,0,-0.603969,-0.0699594,-2.98129,1,0,0.666969,-0.0945842,-2.4275,
0,0,-0.597379,-0.0690217,-2.79081,1,0,0.672081,-0.090321,-2.23703,
0,0,-0.591086,-0.0668534,-2.60034,1,0,0.676293,-0.0851672,-2.04656,
0,0,-0.585317,-0.0635329,-2.40987,1,0,0.679454,-0.0793091,-1.85608,
0,0,-0.580281,-0.0591803,-2.2194,1,0,0.681448,-0.0729587,-1.66561,
0,0,-0.576161,-0.0539531,-2.02893,1,0,0.682203,-0.0663456,-1.47514,
0,0,-0.573104,-0.0480402,-1.83846,1,0,0.681693,-0.059709,-1.28467,
0,0,-0.571222,-0.0416556,-1.64799,1,0,0.679936,-0.053289,-1.0942,
0,0,-0.570583,-0.0350302,-1.45751,1,0,0.676995,-0.0473178,-0.903728,
0,0,-0.57121,-0.0284037,-1.26704,1,0,0.672977,-0.0420113,-0.713256,
0,0,-0.57308,-0.0220156,-1.07657,1,0,0.668027,-0.0375615,-0.522785,
0,0,-0.576126,-0.0160972,-0.8861,1,0,0.662324,-0.0341294,-0.332313,
0,0,-0.580237,-0.0108623,-0.695628,1,0,0.656074,-0.031839,-0.141842,
0,0,-0.585265,-0.00650051,-0.505157,1,0,0.649504,-0.0307733,0.0486296,
0,0,-0.591027,-0.00316943,-0.314685,1,0,0.642851,-0.0309707,0.239101,
0,2,-0.597316,-0.000989585,-0.124214,1,0,0.636355,-0.0324242,0.429572,
0,2,-0.59795,-0.000783229,0.151976,1,0,0.630253,-0.0350811,0.620044,
0,0,-0.59795,-0.000783229,0.43769,1,0,0.624763,-0.0388454,0.810515,
0,0,-0.603385,-0.00332645,0.637686,1,0,0.620085,-0.0435808,1.00099,
0,0,-0.60881,-0.00718123,0.828158,1,0,0.616389,-0.0491162,1.19146,
0,0,-0.613403,-0.0119985,1.01863,1,0,0.613807,-0.0552513,1.38193,
0,0,-0.617001,-0.0175982,1.2091,1,0,0.612434,-0.0617642,1.5724,
0,0,-0.619474,-0.0237779,1.39957,1,0,0.612318,-0.0684194,1.76287,
0,0,-0.620733,-0.030314,1.59004,1,0,0.613465,-0.074976,1.95334,
0,0,-0.620731,-0.0369702,1.78051,1,0,0.615832,-0.081197,2.14382,
0,0,-0.619469,-0.0435056,1.97099,1,0,0.619334,-0.0868574,2.33429,
0,0,-0.616992,-0.0496839,2.16146,1,0,0.623845,-0.0917524,2.52476,
0,0,-0.613391,-0.0552816,2.35193,1,0,0.6292,-0.0957049,2.71523,
0,0,-0.608795,-0.0600962,2.5424,1,2,0.635207,-0.0985721,2.9057,
0,0,-0.603371,-0.0639537,2.73287,1,2,0.635814,-0.0988478,-3.10129,
0,0,-0.597314,-0.0667144,2.92334,1,0,0.635814,-0.0988478,-2.81558,
0,0,-0.590844,-0.0682786,3.11381,1,0,0.641498,-0.0969261,-2.61558,
0,0,-0.584195,-0.0685896,-2.9789,1,0,0.647319,-0.0936999,-2.42511,
0,0,-0.577608,-0.0676362,-2.78843,1,0,0.652421,-0.0894246,-2.23464,
0,0,-0.57132,-0.0654529,-2.59796,1,0,0.65662,-0.0842607,-2.04417,
0,0,-0.565559,-0.0621187,-2.40748,1,0,0.659767,-0.0783951,-1.8537,
0,0,-0.560534,-0.057754,-2.21701,1,0,0.661746,-0.07204,-1.66323,
0,0,-0.556426,-0.052517,-2.02654,1,0,0.662485,-0.0654251,-1.47276,
0,0,-0.553383,-0.0465968,-1.83607,1,0,0.66196,-0.0587897,-1.28228,
0,0,-0.551517,-0.0402078,-1.6456,1,0,0.660187,-0.0523739,-1.09181,
0,0,-0.550893,-0.0335809,-1.45513,1,0,0.657232,-0.0464098,-0.901341,
0,0,-0.551536,-0.0269558,-1.26466,1,0,0.653201,-0.0411129,-0.71087,
0,0,-0.553421,-0.0205723,-1.07418,1,0,0.648241,-0.0366749,-0.520399,
0,0,-0.556481,-0.0146611,-0.883713,1,0,0.642529,-0.0332564,-0.329927,
0,0,-0.560605,-0.00943609,-0.693242,1,0,0.636274,-0.030981,-0.139456,
0,0,-0.565643,-0.00508627,-0.502771,1,0,0.629701,-0.0299309,0.0510157,
0,0,-0.571414,-0.00176895,-0.312299,1,0,0.623049,-0.0301442,0.241487,
0,2,-0.577708,0.000395879,-0.121828,1,0,0.616557,-0.0316132,0.431959,
0,2,-0.578342,0.000600721,0.154362,1,0,0.61046,-0.0342846,0.62243,
0,0,-0.578342,0.000600721,0.440077,1,0,0.60498,-0.038062,0.812901,
0,0,-0.583771,-0.00195546,0.640072,1,0,0.600313,-0.0428086,1.00337,
0,0,-0.589187,-0.00582318,0.830544,1,0,0.59663,-0.0483528,1.19384,
0,0,-0.593768,-0.0106514,1.02102,1,0,0.594063,-0.054494,1.38432,
0,0,-0.597353,-0.0162597,1.21149,1,0,0.592705,-0.0610102,1.57479,
0,0,-0.599811,-0.0224453,1.40196,1,0,0.592606,-0.0676656,1.76526,
0,0,-0.601054,-0.0289844,1.59243,1,0,0.593768,-0.0742195,1.95573,
0,0,-0.601036,-0.0356405,1.7829,1,0,0.59615,-0.0804349,2.1462,
0,0,-0.599759,-0.0421729,1.97337,1,0,0.599665,-0.0860868,2.33667,
0,0,-0.597268,-0.0483452,2.16384,1,0,0.604187,-0.0909711,2.52714,
0,0,-0.593653,-0.0539343,2.35432,1,0,0.609552,-0.0949108,2.71762,
0,0,-0.589045,-0.058738,2.54479,1,2,0.615566,-0.0977636,2.90809,
0,0,-0.583612,-0.0625825,2.73526,1,2,0.616174,-0.0980379,-3.09891,
0,0,-0.577549,-0.0653288,2.92573,1,0,0.616174,-0.0980379,-2.81319,
0,0,-0.571075,-0.0668775,3.1162,1,0,0.621853,-0.0961026,-2.6132,
0,0,-0.564426,-0.0671726,-2.97651,1,0,0.627666,-0.0928626,-2.42273,
0,0,-0.55784,-0.0662035,-2.78604,1,0,0.632758,-0.0885751,-2.23226,
0,0,-0.551558,-0.0640052,-2.59557,1,0,0.636945,-0.0834012,-2.04178,
0,0,-0.545805,-0.0606572,-2.4051,1,0,0.640078,-0.0775281,-1.85131,
0,0,-0.54079,-0.0562807,-2.21463,1,0,0.642041,-0.0711683,-1.66084,
0,0,-0.536694,-0.0510338,-2.02416,1,0,0.642765,-0.0645516,-1.47037,
0,0,-0.533666,-0.0451064,-1.83368,1,0,0.642224,-0.0579176,-1.2799,
0,0,-0.531815,-0.0387129,-1.64321,1,0,0.640436,-0.051506,-1.08943,
0,0,-0.531207,-0.0320845,-1.45274,1,0,0.637467,-0.0455489,-0.898955,
0,0,-0.531866,-0.025461,-1.26227,1,0,0.633423,-0.0402616,-0.708484,
0,0,-0.533766,-0.019082,-1.0718,1,0,0.628452,-0.0358355,-0.518013,
0,0,-0.53684,-0.0131781,-0.881327,1,0,0.622733,-0.0324307,-0.327541,
0,0,-0.540976,-0.00796301,-0.690856,1,0,0.616472,-0.0301701,-0.13707,
0,0,-0.546025,-0.00362522,-0.500385,1,0,0.609897,-0.0291358,0.0534018,
0,0,-0.551803,-0.000321679,-0.309913,1,0,0.603245,-0.0293649,0.243873,
0,2,-0.558103,0.00182813,-0.119442,1,0,0.596756,-0.0308494,0.434345,
0,2,-0.558737,0.00203145,0.156748,1,0,0.590666,-0.0335354,0.624816,
0,0,-0.558737,0.00203145,0.442463,1,0,0.585195,-0.0373258,0.815287,
0,0,-0.56416,-0.000537672,0.642458,1,0,0.58054,-0.0420836,1.00576,
0,0,-0.569566,-0.0044183,0.83293,1,0,0.57687,-0.0476365,1.19623,
0,0,-0.574137,-0.00925742,1.0234,1,0,0.574317,-0.0537839,1.3867,
0,0,-0.577708,-0.0148743,1.21387,1,0,0.572975,-0.0603033,1.57717,
0,0,-0.580152,-0.0210657,1.40434,1,0,0.572891,-0.0669589,1.76764,
0,0,-0.581379,-0.0276077,1.59482,1,0,0.574069,-0.07351,1.95812,
0,0,-0.581345,-0.0342638,1.78529,1,0,0.576466,-0.0797196,2.14859,
0,0,-0.580052,-0.0407931,1.97576,1,0,0.579995,-0.0853632,2.33906,
0,0,-0.577546,-0.0469595,2.16623,1,0,0.584529,-0.0902366,2.52953,
0,0,-0.573918,-0.05254,2.3567,1,0,0.589903,-0.0941636,2.72,
0,0,-0.569299,-0.0573326,2.54717,1,2,0.595923,-0.097002,2.91047,
0,0,-0.563856,-0.0611642,2.73764,1,2,0.596532,-0.0972749,-3.09652,
0,0,-0.557786,-0.063896,2.92812,1,0,0.596532,-0.0972749,-2.81081,
0,0,-0.551309,-0.0654292,3.11859,1,0,0.602207,-0.095326,-2.61081,
0,0,-0.544659,-0.0657085,-2.97413,1,0,0.608012,-0.0920721,-2.42034,
0,0,-0.538076,-0.0647237,-2.78366,1,0,0.613093,-0.0877725,-2.22987,
0,0,-0.531799,-0.0625104,-2.59318,1,0,0.617268,-0.0825886,-2.0394,
0,0,-0.526054,-0.0591487,-2.40271,1,0,0.620387,-0.0767081,-1.84893,
0,0,-0.521049,-0.0547602,-2.21224,1,0,0.622335,-0.0703436,-1.65845,
0,0,-0.516966,-0.0495035,-2.02177,1,0,0.623043,-0.0637252,-1.46798,
0,0,-0.513952,-0.0435689,-1.8313,1,0,0.622486,-0.0570925,-1.27751,
0,0,-0.512116,-0.037171,-1.64083,1,0,0.620683,-0.0506852,-1.08704,
0,0,-0.511525,-0.0305412,-1.45036,1,0,0.617699,-0.0447352,-0.896569,
0,0,-0.512199,-0.0239193,-1.25988,1,0,0.613643,-0.0394576,-0.706098,
0,0,-0.514115,-0.0175449,-1.06941,1,0,0.608661,-0.0350434,-0.515626,
0,0,-0.517203,-0.0116483,-0.878941,1,0,0.602934,-0.0316521,-0.325155,
0,0,-0.521351,-0.00644309,-0.68847,1,0,0.596668,-0.0294066,-0.134684,
0,0,-0.52641,-0.00211736,-0.497998,1,0,0.59009,-0.0283879,0.0557879,
0,0,-0.532196,0.00117238,-0.307527,1,0,0.583439,-0.0286329,0.246259,
0,2,-0.538501,0.00330715,-0.117056,1,0,0.576954,-0.0301329,0.436731,
0,2,-0.539136,0.00350896,0.159134,1,0,0.57087,-0.0328334,0.627202,
0,0,-0.539136,0.00350896,0.444849,1,0,0.565408,-0.0366369,0.817674,
0,0,-0.544553,0.000926904,0.644844,1,0,0.560764,-0.0414057,1.00815,
0,0,-0.54995,-0.00296662,0.835316,1,0,0.557107,-0.0469674,1.19862,
0,0,-0.554508,-0.00781663,1.02579,1,0,0.55457,-0.0531208,1.38909,
0,0,-0.558066,-0.013442,1.21626,1,0,0.553243,-0.0596434,1.57956,
0,0,-0.560495,-0.0196392,1.40673,1,0,0.553175,-0.0662992,1.77003,
0,0,-0.561707,-0.0261842,1.5972,1,0,0.554369,-0.0728475,1.9605,
0,0,-0.561657,-0.0328401,1.78767,1,0,0.55678,-0.0790514,2.15097,
0,0,-0.560348,-0.0393663,1.97814,1,0,0.560323,-0.0846865,2.34145,
0,0,-0.557828,-0.0455267,2.16862,1,0,0.564868,-0.0895491,2.53192,
0,0,-0.554186,-0.0510985,2.35909,1,0,0.570252,-0.0934632,2.72239,
0,0,-0.549556,-0.0558802,2.54956,1,2,0.576279,-0.0962873,2.91286,
0,0,-0.544104,-0.0596987,2.74003,1,2,0.576888,-0.0965587,-3.09414,
0,0,-0.538028,-0.062416,2.9305,1,0,0.576888,-0.0965587,-2.80842,
0,0,-0.531547,-0.0639338,3.12097,1,0,0.582558,-0.0945963,-2.60843,
0,0,-0.524896,-0.0641972,-2.97174,1,0,0.588356,-0.0913286,-2.41795,
0,0,-0.518316,-0.0631967,-2.78127,1,0,0.593427,-0.0870168,-2.22748,
0,0,-0.512044,-0.0609684,-2.5908,1,0,0.597589,-0.081823,-2.03701,
0,0,-0.506307,-0.057593,-2.40033,1,0,0.600694,-0.0759351,-1.84654,
0,0,-0.501313,-0.0531926,-2.20986,1,0,0.602627,-0.0695659,-1.65607,
0,0,-0.497242,-0.0479262,-2.01938,1,0,0.603319,-0.0629459,-1.4656,
0,0,-0.494242,-0.0419844,-1.82891,1,0,0.602746,-0.0563145,-1.27513,
0,0,-0.492421,-0.0355822,-1.63844,1,0,0.600928,-0.0499115,-1.08465,
0,0,-0.491846,-0.028951,-1.44797,1,0,0.59793,-0.0439686,-0.894183,
0,0,-0.492536,-0.0223307,-1.2575,1,0,0.593861,-0.0387008,-0.703712,
0,0,-0.494467,-0.0159608,-1.06703,1,0,0.588869,-0.0342984,-0.51324,
0,0,-0.497569,-0.0100717,-0.876555,1,0,0.583134,-0.0309209,-0.322769,
0,0,-0.50173,-0.00487635,-0.686084,1,0,0.576862,-0.0286903,-0.132297,
0,0,-0.506799,-0.000562706,-0.495612,1,0,0.570282,-0.0276873,0.058174,
0,0,-0.512593,0.00271322,-0.305141,1,0,0.563631,-0.0279482,0.248645,
0,2,-0.518903,0.00483294,-0.114669,1,0,0.55715,-0.0294636,0.439117,
0,2,-0.519538,0.00503323,0.161521,1,0,0.551073,-0.0321786,0.629588,
0,0,-0.519538,0.00503323,0.447235,1,0,0.545619,-0.0359951,0.82006,
0,0,-0.524949,0.00243826,0.647231,1,0,0.540987,-0.040775,1.01053,
0,0,-0.530337,-0.00146813,0.837702,1,0,0.537344,-0.0463454,1.201,
0,0,-0.534884,-0.006329,1.02817,1,0,0.534821,-0.0525049,1.39147,
0,0,-0.538428,-0.0119628,1.21864,1,0,0.53351,-0.0590306,1.58195,
0,0,-0.540842,-0.0181658,1.40912,1,0,0.533458,-0.0656866,1.77242,
0,0,-0.542038,-0.0247137,1.59959,1,0,0.534667,-0.072232,1.96289,
0,0,-0.541973,-0.0313695,1.79006,1,0,0.537093,-0.0784301,2.15336,
0,0,-0.540648,-0.0378926,1.98053,1,0,0.540649,-0.0840568,2.34383,
0,0,-0.538113,-0.0440469,2.171,1,0,0.545206,-0.0889085,2.5343,
0,0,-0.534458,-0.04961,2.36147,1,0,0.550599,-0.0928098,2.72477,
0,0,-0.529817,-0.0543806,2.55194,1,2,0.556633,-0.0956195,2.91525,
0,0,-0.524356,-0.0581861,2.74242,1,2,0.557242,-0.0958894,-3.09175,
0,0,-0.518273,-0.0608889,2.93289,1,0,0.557242,-0.0958894,-2.80604,
0,0,-0.511789,-0.0623912,3.12336,1,0,0.562908,-0.0939135,-2.60604,
0,0,-0.505137,-0.0626388,-2.96935,1,0,0.568698,-0.0906319,-2.41557,
0,0,-0.498559,-0.0616226,-2.77888,1,0,0.573758,-0.0863081,-2.2251,
0,0,-0.492292,-0.0593793,-2.58841,1,0,0.577909,-0.0811044,-2.03463,
0,0,-0.486563,-0.0559902,-2.39794,1,0,0.580999,-0.075209,-1.84415,
0,0,-0.48158,-0.0515779,-2.20747,1,0,0.582917,-0.0688352,-1.65368,
0,0,-0.477522,-0.0463018,-2.017,1,0,0.583594,-0.0622136,-1.46321,
0,0,-0.474536,-0.0403529,-1.82653,1,0,0.583005,-0.0555836,-1.27274,
0,0,-0.472731,-0.0339463,-1.63605,1,0,0.581171,-0.049185,-1.08227,
0,0,-0.472171,-0.0273138,-1.44558,1,0,0.578159,-0.0432493,-0.891797,
0,0,-0.472877,-0.0206952,-1.25511,1,0,0.574078,-0.0379911,-0.701326,
0,0,-0.474823,-0.0143299,-1.06464,1,0,0.569075,-0.0336007,-0.510854,
0,0,-0.477939,-0.0084482,-0.874169,1,0,0.563331,-0.0302369,-0.320383,
0,0,-0.482112,-0.0032628,-0.683698,1,0,0.557055,-0.0280212,-0.129911,
0,0,-0.487191,0.00103874,-0.493226,1,0,0.550472,-0.0270339,0.0605601,
0,0,-0.492993,0.00430083,-0.302755,1,0,0.543822,-0.0273107,0.251031,
0,2,-0.499308,0.00640549,-0.112283,1,0,0.537344,-0.0288416,0.441503,
0,2,-0.499944,0.00660427,0.163907,1,0,0.531274,-0.0315711,0.631974,
0,0,-0.499944,0.00660427,0.449621,1,0,0.525829,-0.0354006,0.822446,
0,0,-0.505348,0.00399639,0.649617,1,0,0.521209,-0.0401915,1.01292,
0,0,-0.510727,7.71586e-05,0.840088,1,0,0.517578,-0.0457706,1.20339,
0,0,-0.515262,-0.00479455,1.03056,1,0,0.51507,-0.0519361,1.39386,
0,0,-0.518794,-0.0104368,1.22103,1,0,0.513775,-0.0584649,1.58433,
0,0,-0.521193,-0.0166456,1.4115,1,0,0.513738,-0.065121,1.7748,
0,0,-0.522373,-0.0231962,1.60197,1,0,0.514963,-0.0716635,1.96527,
0,0,-0.522292,-0.0298519,1.79245,1,0,0.517404,-0.0778558,2.15575,
0,0,-0.520952,-0.0363718,1.98292,1,0,0.520974,-0.083474,2.34622,
0,0,-0.518402,-0.0425201,2.17339,1,0,0.525542,-0.0883148,2.53669,
0,0,-0.514734,-0.0480744,2.36386,1,0,0.530944,-0.0922032,2.72716,
0,0,-0.510081,-0.0528339,2.55433,1,2,0.536985,-0.0949985,2.91763,
0,0,-0.504611,-0.0566264,2.7448,1,2,0.537595,-0.0952669,-3.08936,
0,0,-0.498522,-0.0593147,2.93527,1,0,0.537595,-0.0952669,-2.80365,
0,0,-0.492034,-0.0608015,3.12575,1,0,0.543256,-0.0932776,-2.60365,
0,0,-0.485382,-0.0610332,-2.96697,1,0,0.549038,-0.0899822,-2.41318,
0,0,-0.478806,-0.0600013,-2.7765,1,0,0.554088,-0.0856463,-2.22271,
0,0,-0.472544,-0.0577431,-2.58603,1,0,0.558226,-0.0804327,-2.03224,
0,0,-0.466824,-0.0543404,-2.39555,1,0,0.561302,-0.07453,-1.84177,
0,0,-0.461851,-0.0499161,-2.20508,1,0,0.563205,-0.0681516,-1.6513,
0,0,-0.457806,-0.0446304,-2.01461,1,0,0.563866,-0.0615284,-1.46083,
0,0,-0.454834,-0.0386744,-1.82414,1,0,0.563261,-0.0548998,-1.27035,
0,0,-0.453044,-0.0322635,-1.63367,1,0,0.561412,-0.0485056,-1.07988,
0,0,-0.4525,-0.0256296,-1.4432,1,0,0.558386,-0.0425771,-0.889411,
0,0,-0.453221,-0.0190127,-1.25273,1,0,0.554293,-0.0373287,-0.69894,
0,0,-0.455183,-0.0126521,-1.06225,1,0,0.549279,-0.0329502,-0.508468,
0,0,-0.458313,-0.00677787,-0.871783,1,0,0.543528,-0.0296001,-0.317997,
0,0,-0.462498,-0.00160244,-0.681312,1,0,0.537246,-0.0273994,-0.127525,
0,0,-0.467588,0.00268696,-0.49084,1,0,0.530661,-0.0264279,0.0629462,
0,0,-0.473398,0.0059352,-0.300369,1,0,0.524011,-0.0267205,0.253418,
0,2,-0.479717,0.00802479,-0.109897,1,0,0.517537,-0.0282668,0.443889,
0,2,-0.480354,0.00822205,0.166293,1,0,0.511473,-0.0310108,0.63436,
0,0,-0.480354,0.00822205,0.452007,1,0,0.506038,-0.0348533,0.824832,
0,0,-0.485752,0.00560128,0.652003,1,0,0.501429,-0.0396552,1.0153,
0,0,-0.491121,0.00166923,0.842474,1,0,0.497812,-0.045243,1.20577,
0,0,-0.495645,-0.00321329,1.03295,1,0,0.495318,-0.0514144,1.39625,
0,0,-0.499163,-0.00886397,1.22342,1,0,0.494038,-0.0579463,1.58672,
0,0,-0.501547,-0.0150784,1.41389,1,0,0.494018,-0.0646024,1.77719,
0,0,-0.502712,-0.0216319,1.60436,1,0,0.495258,-0.071142,1.96766,
0,0,-0.502614,-0.0282873,1.79483,1,0,0.497714,-0.0773285,2.15813,
0,0,-0.501259,-0.034804,1.9853,1,0,0.501297,-0.0829381,2.3486,
0,0,-0.498694,-0.0409462,2.17577,1,0,0.505877,-0.0877681,2.53907,
0,0,-0.495013,-0.0464918,2.36625,1,0,0.511289,-0.0916435,2.72955,
0,0,-0.490349,-0.0512401,2.55672,1,2,0.517336,-0.0944244,2.92002,
0,0,-0.48487,-0.0550195,2.74719,1,2,0.517947,-0.0946914,-3.08698,
0,0,-0.478774,-0.0576933,2.93766,1,0,0.517947,-0.0946914,-2.80126,
0,0,-0.472283,-0.0591647,3.12813,1,0,0.523603,-0.0926885,-2.60127,
0,0,-0.46563,-0.0593805,-2.96458,1,0,0.529377,-0.0893793,-2.4108,
0,0,-0.459057,-0.0583329,-2.77411,1,0,0.534417,-0.0850314,-2.22032,
0,0,-0.452801,-0.0560598,-2.58364,1,0,0.538542,-0.0798079,-2.02985,
0,0,-0.447088,-0.0526434,-2.39317,1,0,0.541604,-0.0738979,-1.83938,
0,0,-0.442126,-0.0482073,-2.2027,1,0,0.543492,-0.0675151,-1.64891,
0,0,-0.438093,-0.0429119,-2.01223,1,0,0.544137,-0.0608903,-1.45844,
0,0,-0.435136,-0.0369488,-1.82175,1,0,0.543516,-0.0542631,-1.26797,
0,0,-0.433361,-0.0305337,-1.63128,1,0,0.541652,-0.0478734,-1.0775,
0,0,-0.432833,-0.0238986,-1.44081,1,0,0.538612,-0.0419521,-0.887025,
0,0,-0.43357,-0.0172834,-1.25034,1,0,0.534506,-0.0367135,-0.696553,
0,0,-0.435547,-0.0109275,-1.05987,1,0,0.529482,-0.032347,-0.506082,
0,0,-0.438691,-0.00506071,-0.869397,1,0,0.523723,-0.0290106,-0.315611,
0,0,-0.442889,0.000104711,-0.678925,1,0,0.517435,-0.0268249,-0.125139,
0,0,-0.447989,0.00438196,-0.488454,1,0,0.510848,-0.0258691,0.0653323,
0,0,-0.453806,0.00761633,-0.297983,1,0,0.504199,-0.0261776,0.255804,
0,2,-0.460131,0.00969083,-0.107511,1,0,0.497729,-0.0277393,0.446275,
0,2,-0.460768,0.00988657,0.168679,1,0,0.491671,-0.0304978,0.636747,
0,0,-0.460768,0.00988657,0.454393,1,0,0.486245,-0.0343532,0.827218,
0,0,-0.466159,0.00725293,0.654389,1,0,0.481648,-0.0391662,1.01769,
0,0,-0.471519,0.00330808,0.84486,1,0,0.478044,-0.0447625,1.20816,
0,0,-0.476031,-0.00158522,1.03533,1,0,0.475565,-0.0509399,1.39863,
0,0,-0.479536,-0.00724428,1.2258,1,0,0.474301,-0.0574748,1.5891,
0,0,-0.481905,-0.0134644,1.41627,1,0,0.474297,-0.064131,1.77958,
0,0,-0.483054,-0.0200206,1.60675,1,0,0.475552,-0.0706675,1.97005,
0,0,-0.482941,-0.0266758,1.79722,1,0,0.478023,-0.0768482,2.16052,
0,0,-0.48157,-0.0331892,1.98769,1,0,0.481619,-0.0824492,2.35099,
0,0,-0.478991,-0.0393253,2.17816,1,0,0.486211,-0.0872682,2.54146,
0,0,-0.475296,-0.0448621,2.36863,1,0,0.491632,-0.0911308,2.73193,
0,0,-0.47062,-0.0495993,2.5591,1,2,0.497686,-0.0938972,2.9224,
0,0,-0.465132,-0.0533656,2.74957,1,2,0.498297,-0.0941627,-3.08459,
0,0,-0.459031,-0.0560248,2.94005,1,0,0.498297,-0.0941627,-2.79888,
0,0,-0.452536,-0.0574807,3.13052,1,0,0.503948,-0.0921464,-2.59888,
0,0,-0.445882,-0.0576806,-2.9622,1,0,0.509714,-0.0888234,-2.40841,
0,0,-0.439312,-0.0566173,-2.77173,1,0,0.514744,-0.0844635,-2.21794,
0,0,-0.433061,-0.0543293,-2.58125,1,0,0.518857,-0.0792302,-2.02747,
0,0,-0.427357,-0.0508993,-2.39078,1,0,0.521905,-0.0733129,-1.837,
0,0,-0.422405,-0.0464514,-2.20031,1,0,0.523777,-0.0669255,-1.64652,
0,0,-0.418385,-0.0411464,-2.00984,1,0,0.524407,-0.0602992,-1.45605,
0,0,-0.415442,-0.0351763,-1.81937,1,0,0.52377,-0.0536736,-1.26558,
0,0,-0.413682,-0.0287569,-1.6289,1,0,0.521891,-0.0472883,-1.07511,
0,0,-0.41317,-0.0221206,-1.43843,1,0,0.518836,-0.0413743,-0.884639,
0,0,-0.413923,-0.0155072,-1.24795,1,0,0.514718,-0.0361455,-0.694167,
0,0,-0.415915,-0.00915599,-1.05748,1,0,0.509683,-0.031791,-0.503696,
0,0,-0.419073,-0.00329674,-0.867011,1,0,0.503916,-0.0284683,-0.313225,
0,0,-0.423283,0.00185865,-0.676539,1,0,0.497624,-0.0262977,-0.122753,
0,0,-0.428393,0.00612372,-0.486068,1,0,0.491034,-0.0253575,0.0677183,
0,2,-0.434218,0.0093442,-0.295597,1,0,0.484386,-0.0256819,0.25819,
0,2,-0.434808,0.00965565,-0.0194065,1,0,0.47792,-0.0272591,0.448661,
0,0,-0.434808,0.00965565,0.266308,1,0,0.471868,-0.030032,0.639133,
0,0,-0.440597,0.00807654,0.466303,1,0,0.466452,-0.0339004,0.829604,
0,0,-0.4466,0.00520343,0.656775,1,0,0.461866,-0.0387243,1.02008,
0,0,-0.451947,0.00124011,0.847246,1,0,0.458275,-0.0443292,1.21055,
0,0,-0.456448,-0.00366394,1.03772,1,0,0.455811,-0.0505125,1.40102,
0,0,-0.459938,-0.00933135,1.22819,1,0,0.454563,-0.0570504,1.59149,
0,0,-0.462293,-0.0155571,1.41866,1,0,0.454574,-0.0637065,1.78196,
0,0,-0.463426,-0.0221161,1.60913,1,0,0.455845,-0.0702401,1.97243,
0,0,-0.463297,-0.028771,1.7996,1,0,0.458331,-0.0764148,2.1629,
0,0,-0.461911,-0.0352811,1.99007,1,0,0.46194,-0.0820073,2.35338,
0,0,-0.459317,-0.041411,2.18055,1,0,0.466543,-0.0868153,2.54385,
0,0,-0.455609,-0.0469389,2.37102,1,0,0.471973,-0.0906649,2.73432,
0,0,-0.450922,-0.051665,2.56149,1,2,0.478034,-0.0934169,2.92479,
0,0,-0.445425,-0.0554182,2.75196,1,2,0.478646,-0.093681,-3.08221,
0,0,-0.439317,-0.0580628,2.94243,1,0,0.478646,-0.093681,-2.79649,
0,0,-0.432818,-0.0595032,3.1329,1,0,0.484293,-0.0916511,-2.5965,
0,0,-0.426165,-0.0596872,-2.95981,1,0,0.490051,-0.0883144,-2.40602,
0,0,-0.419597,-0.0586083,-2.76934,1,0,0.49507,-0.0839425,-2.21555,
0,0,-0.413352,-0.0563054,-2.57887,1,0,0.49917,-0.0786994,-2.02508,
0,0,-0.407656,-0.0528617,-2.3884,1,0,0.502204,-0.0727748,-1.83461,
0,0,-0.402714,-0.048402,-2.19792,1,0,0.504061,-0.066383,-1.64414,
0,0,-0.398707,-0.0430875,-2.00745,1,0,0.504675,-0.0597552,-1.45367,
0,0,-0.395778,-0.0371103,-1.81698,1,0,0.504022,-0.0531311,-1.2632,
0,0,-0.394034,-0.0306868,-1.62651,1,0,0.502128,-0.0467503,-1.07272,
0,0,-0.393537,-0.0240492,-1.43604,1,0,0.499059,-0.0408436,-0.882253,
0,0,-0.394306,-0.0174377,-1.24557,1,0,0.494928,-0.0356247,-0.691781,
0,0,-0.396313,-0.0110912,-1.0551,1,0,0.489884,-0.0312822,-0.50131,
0,0,-0.399485,-0.00523955,-0.864625,1,0,0.484108,-0.0279733,-0.310838,
0,0,-0.403708,-9.42186e-05,-0.674153,1,0,0.477811,-0.0258177,-0.120367,
0,0,-0.408828,0.00415865,-0.483682,1,0,0.471219,-0.0248933,0.0701044,
0,2,-0.414661,0.00736521,-0.29321,1,0,0.464572,-0.0252335,0.260576,
0,2,-0.415251,0.00767526,-0.0170204,1,0,0.458109,-0.0268261,0.451047,
0,0,-0.415251,0.00767526,0.268694,1,0,0.452065,-0.0296135,0.641519,
0,0,-0.421036,0.00608234,0.46869,1,0,0.446657,-0.0334948,0.83199,
0,0,-0.427032,0.00319491,0.659161,1,0,0.442082,-0.0383296,1.02246,
0,0,-0.43237,-0.000781155,0.849632,1,0,0.438506,-0.0439431,1.21293,
0,0,-0.436859,-0.00569593,1.0401,1,0,0.436056,-0.0501322,1.4034,
0,0,-0.440336,-0.0113716,1.23058,1,0,0.434823,-0.0566731,1.59388,
0,0,-0.442676,-0.017603,1.42105,1,0,0.43485,-0.0633292,1.78435,
0,0,-0.443793,-0.0241646,1.61152,1,0,0.436138,-0.0698597,1.97482,
0,0,-0.443649,-0.0308192,1.80199,1,0,0.438638,-0.0760285,2.16529,
0,0,-0.442246,-0.037326,1.99246,1,0,0.44226,-0.0816123,2.35576,
0,0,-0.439638,-0.0434497,2.18293,1,0,0.446875,-0.0864093,2.54623,
0,0,-0.435917,-0.0489688,2.3734,1,0,0.452314,-0.090246,2.7367,
0,0,-0.431219,-0.0536836,2.56388,1,2,0.458381,-0.0929835,2.92718,
0,0,-0.425713,-0.0574237,2.75435,1,2,0.458994,-0.0932461,-3.07982,
0,0,-0.419598,-0.0600538,2.94482,1,0,0.458994,-0.0932461,-2.79411,
0,0,-0.413097,-0.0614786,3.13529,1,0,0.464636,-0.0912028,-2.59411,
0,0,-0.406443,-0.0616468,-2.95742,1,0,0.470386,-0.0878523,-2.40364,
0,0,-0.399877,-0.0605522,-2.76695,1,0,0.475394,-0.0834684,-2.21317,
0,0,-0.393637,-0.0582344,-2.57648,1,0,0.479482,-0.0782156,-2.0227,
0,0,-0.38795,-0.0547772,-2.38601,1,0,0.482502,-0.0722838,-1.83222,
0,0,-0.383019,-0.0503057,-2.19554,1,0,0.484344,-0.0658876,-1.64175,
0,0,-0.379024,-0.0449816,-2.00507,1,0,0.484942,-0.0592583,-1.45128,
0,0,-0.37611,-0.0389975,-1.8146,1,0,0.484273,-0.0526358,-1.26081,
0,0,-0.374381,-0.0325698,-1.62412,1,0,0.482364,-0.0462596,-1.07034,
0,0,-0.3739,-0.025931,-1.43365,1,0,0.479281,-0.0403602,-0.879867,
0,0,-0.374685,-0.0193213,-1.24318,1,0,0.475138,-0.0351511,-0.689395,
0,0,-0.376707,-0.0129797,-1.05271,1,0,0.470083,-0.0308207,-0.498924,
0,0,-0.379893,-0.00713562,-0.862239,1,0,0.464299,-0.0275256,-0.308452,
0,0,-0.384128,-0.00200037,-0.671767,1,0,0.457997,-0.025385,-0.117981,
0,0,-0.389258,0.00224026,-0.481296,1,0,0.451403,-0.0244763,0.0724905,
0,2,-0.395098,0.0054329,-0.290824,1,0,0.444756,-0.0248324,0.262962,
0,2,-0.395689,0.00574154,-0.0146344,1,0,0.438297,-0.0264404,0.453433,
0,0,-0.395689,0.00574154,0.27108,1,0,0.43226,-0.0292422,0.643905,
0,0,-0.401471,0.00413482,0.471076,1,0,0.426862,-0.0331364,0.834376,
0,0,-0.40746,0.00123309,0.661547,1,0,0.422298,-0.0379821,1.02485,
0,0,-0.412788,-0.0027557,0.852019,1,0,0.418735,-0.0436041,1.21532,
0,0,-0.417265,-0.00768117,1.04249,1,0,0.4163,-0.0497991,1.40579,
0,0,-0.420729,-0.0133652,1.23296,1,0,0.415083,-0.0563429,1.59626,
0,0,-0.423054,-0.0196021,1.42343,1,0,0.415126,-0.0629989,1.78673,
0,0,-0.424156,-0.0261664,1.6139,1,0,0.416429,-0.0695263,1.9772,
0,0,-0.423995,-0.0328206,1.80438,1,0,0.418944,-0.0756891,2.16768,
0,0,-0.422577,-0.039324,1.99485,1,0,0.42258,-0.0812643,2.35815,
0,0,-0.419954,-0.0454415,2.18532,1,0,0.427206,-0.0860503,2.54862,
0,0,-0.41622,-0.0509517,2.37579,1,0,0.432654,-0.0898739,2.73909,
0,0,-0.411511,-0.0556553,2.56626,1,2,0.438727,-0.0925969,2.92956,
0,0,-0.405996,-0.0593822,2.75673,1,2,0.439341,-0.0928581,-3.07743,
0,0,-0.399875,-0.0619977,2.9472,1,0,0.439341,-0.0928581,-2.79172,
0,0,-0.39337,-0.063407,3.13768,1,0,0.444978,-0.0908013,-2.59172,
0,0,-0.386716,-0.0635593,-2.95504,1,0,0.45072,-0.0874372,-2.40125,
0,0,-0.380153,-0.062449,-2.76457,1,0,0.455718,-0.0830413,-2.21078,
0,0,-0.373919,-0.0601163,-2.5741,1,0,0.459793,-0.0777788,-2.02031,
0,0,-0.368239,-0.0566456,-2.38362,1,0,0.462799,-0.0718398,-1.82984,
0,0,-0.363319,-0.0521623,-2.19315,1,0,0.464625,-0.0654392,-1.63937,
0,0,-0.359337,-0.0468287,-2.00268,1,0,0.465207,-0.0588085,-1.44889,
0,0,-0.356437,-0.0408377,-1.81221,1,0,0.464523,-0.0521876,-1.25842,
0,0,-0.354723,-0.0344059,-1.62174,1,0,0.462598,-0.0458159,-1.06795,
0,0,-0.354258,-0.027766,-1.43127,1,0,0.459502,-0.039924,-0.877481,
0,0,-0.355059,-0.0211582,-1.2408,1,0,0.455346,-0.0347248,-0.687009,
0,0,-0.357096,-0.0148214,-1.05032,1,0,0.450281,-0.0304064,-0.496538,
0,0,-0.360296,-0.00898493,-0.859853,1,0,0.444489,-0.0271251,-0.306066,
0,0,-0.364543,-0.0038598,-0.669381,1,0,0.438182,-0.0249996,-0.115595,
0,0,-0.369684,0.000368578,-0.47891,1,0,0.431586,-0.0241066,0.0748766,
0,2,-0.375532,0.00354727,-0.288438,1,0,0.42494,-0.0244786,0.265348,
0,2,-0.376123,0.0038545,-0.0122483,1,0,0.418485,-0.026102,0.455819,
0,0,-0.376123,0.0038545,0.273466,1,0,0.412454,-0.0289182,0.646291,
0,0,-0.381901,0.002234,0.473462,1,0,0.407065,-0.0328252,0.836762,
0,0,-0.387883,-0.000682017,0.663933,1,0,0.402513,-0.0376818,1.02723,
0,0,-0.393202,-0.00468351,0.854405,1,0,0.398964,-0.0433123,1.21771,
0,0,-0.397667,-0.00961965,1.04488,1,0,0.396544,-0.0495131,1.40818,
0,0,-0.401117,-0.0153119,1.23535,1,0,0.395342,-0.0560598,1.59865,
0,0,-0.403427,-0.0215544,1.42582,1,0,0.395401,-0.0627157,1.78912,
0,0,-0.404513,-0.0281213,1.61629,1,0,0.396719,-0.06924,1.97959,
0,0,-0.404337,-0.034775,1.80676,1,0,0.399249,-0.0753967,2.17006,
0,0,-0.402904,-0.0412751,1.99723,1,0,0.402898,-0.0809632,2.36053,
0,0,-0.400266,-0.0473863,2.1877,1,0,0.407535,-0.0857382,2.55101,
0,0,-0.396519,-0.0528875,2.37818,1,0,0.412993,-0.0895488,2.74148,
0,0,-0.391798,-0.0575799,2.56865,1,2,0.419073,-0.0922573,2.93195,
0,0,-0.386274,-0.0612937,2.75912,1,2,0.419687,-0.092517,-3.07505,
0,0,-0.380147,-0.0638945,2.94959,1,0,0.419687,-0.092517,-2.78933,
0,0,-0.373639,-0.0652883,3.14006,1,0,0.425319,-0.0904468,-2.58934,
0,0,-0.366984,-0.0654247,-2.95265,1,0,0.431053,-0.087069,-2.39887,
0,0,-0.360424,-0.0642988,-2.76218,1,0,0.43604,-0.0826612,-2.20839,
0,0,-0.354195,-0.0619512,-2.57171,1,0,0.440103,-0.0773889,-2.01792,
0,0,-0.348524,-0.0584669,-2.38124,1,0,0.443095,-0.0714428,-1.82745,
0,0,-0.343615,-0.0539719,-2.19077,1,0,0.444906,-0.0650378,-1.63698,
0,0,-0.339646,-0.0486289,-2.0003,1,0,0.445472,-0.0584058,-1.44651,
0,0,-0.33676,-0.0426309,-1.80982,1,0,0.444772,-0.0517866,-1.25604,
0,0,-0.335062,-0.0361951,-1.61935,1,0,0.442832,-0.0454195,-1.06557,
0,0,-0.334612,-0.0295541,-1.42888,1,0,0.439722,-0.0395349,-0.875094,
0,0,-0.335429,-0.0229482,-1.23841,1,0,0.435553,-0.0343456,-0.684623,
0,0,-0.337481,-0.0166163,-1.04794,1,0,0.430478,-0.0300394,-0.494152,
0,0,-0.340695,-0.0107875,-0.857466,1,0,0.424679,-0.026772,-0.30368,
0,0,-0.344954,-0.0056725,-0.666995,1,0,0.418366,-0.0246615,-0.113209,
0,0,-0.350105,-0.00145639,-0.476524,1,0,0.411768,-0.0237843,0.0772627,
0,2,-0.35596,0.00170834,-0.286052,1,0,0.405123,-0.0241721,0.267734,
0,2,-0.356553,0.00201415,-0.00986216,1,0,0.398672,-0.0258109,0.458206,
0,0,-0.356553,0.00201415,0.275852,1,0,0.392647,-0.0286414,0.648677,
