[INFO] Not using threads
[INFO] Using random seed = 312
[INFO] Using simulation clock tick = 0.1
[INFO] Total experiment length in clock ticks = 500
[INFO] Loaded library "./build/controllers/footbot/libfootbot_segregation_controller.dylib"
[INFO] Loaded library "././build/loop_functions/libsegregation_loop_function.dylib"
[INFO] The physics engine "dyn2d" will perform 10 iterations per tick (dt = 0.01 sec)
[INFO] No visualization selected.
0,0,0,0,-2.9738,0,0,0,1.5,1.13899,1,2,1.5,0,2.67961,
0,0,0.00591604,0.00100206,-2.80238,0,0,-0.00251118,1.49455,1.31042,1,2,1.5,0,2.93675,
0,0,0.0122318,0.00310997,-2.61191,0,0,-0.00433495,1.48815,1.50089,1,2,1.5,0,-3.06072,
0,0,0.0180385,0.00636352,-2.42144,0,0,-0.00492571,1.48152,1.69136,1,2,1.5,0,-2.775,
0,0,0.0231243,0.0106576,-2.23097,0,0,-0.00425061,1.4749,1.88183,1,2,1.5,0,-2.48929,
0,0,0.0273052,0.0158368,-2.04049,0,0,-0.00233406,1.46852,2.0723,1,0,1.5,0,-2.20357,
0,0,0.0304299,0.021714,-1.85002,0,0,0.00075461,1.46262,2.26278,1,0,1.50355,0.00483857,-2.00358,
0,0,0.0323854,0.0280764,-1.65955,0,0,0.00490369,1.45742,2.45325,1,0,1.50646,0.0108233,-1.81311,
0,0,0.033101,0.0346939,-1.46908,0,0,0.0099631,1.45309,2.64372,1,0,1.50818,0.0172535,-1.62263,
0,0,0.0325508,0.0413273,-1.27861,0,0,0.0157499,1.44981,2.83419,1,0,1.50865,0.023893,-1.43216,
0,0,0.0307547,0.0477365,-1.08814,0,0,0.0220546,1.44767,3.02466,1,0,1.50785,0.0305015,-1.24169,
0,0,0.0277778,0.0536898,-0.897666,0,0,0.0286494,1.44677,-3.06805,1,0,1.50582,0.0368401,-1.05122,
0,2,0.0237275,0.0589718,-0.707195,0,0,0.0352956,1.44713,-2.87758,1,0,1.50263,0.0426795,-0.860749,
0,2,0.0233119,0.0594931,-0.431005,0,0,0.0417529,1.44875,-2.68711,1,0,1.49839,0.0478084,-0.670278,
0,2,0.0233119,0.0594931,-0.145291,0,0,0.0477877,1.45156,-2.49664,1,0,1.49325,0.0520414,-0.479806,
0,2,0.0233119,0.0594931,0.140424,0,0,0.0531818,1.45546,-2.30617,1,0,1.4874,0.0552253,-0.289335,
0,2,0.0233119,0.0594931,0.426138,0,1,0.0577399,1.46031,-2.1157,1,0,1.48106,0.057245,-0.0988636,
0,0,0.0233119,0.0594931,0.711852,0,1,0.0527133,1.45161,-2.01093,1,0,1.47445,0.0580275,0.0916079,
0,1,0.0187687,0.0555735,0.911848,0,1,0.0469096,1.43961,-1.91569,1,0,1.46781,0.0575444,0.282079,
0,1,0.0247462,0.06365,1.01661,0,1,0.0422845,1.42711,-1.82044,1,0,1.46139,0.0558132,0.472551,
0,1,0.0318773,0.0749079,1.11186,0,1,0.0388691,1.41423,-1.7252,1,0,1.4554,0.0528965,0.663022,
0,1,0.0378948,0.0867996,1.2071,0,1,0.0366942,1.40108,-1.62996,1,0,1.45008,0.0488999,0.853494,
0,1,0.0427541,0.0992097,1.30234,0,1,0.0357796,1.38779,-1.53472,1,0,1.44561,0.0439678,1.04397,
0,1,0.0464113,0.112026,1.39759,0,1,0.0361336,1.37446,-1.43947,1,0,1.44216,0.0382787,1.23444,
0,1,0.048833,0.125131,1.49283,0,1,0.0377531,1.36124,-1.34423,1,0,1.43984,0.0320384,1.42491,
0,1,0.0499974,0.138408,1.58807,0,1,0.0406232,1.34822,-1.24899,1,0,1.43875,0.0254725,1.61538,
0,1,0.049894,0.151735,1.68331,0,1,0.044718,1.33554,-1.15374,1,2,1.43892,0.0188185,1.80585,
0,1,0.0485237,0.164992,1.77856,0,1,0.0500004,1.3233,-1.0585,1,2,1.43895,0.0181525,2.08204,
0,1,0.0458988,0.178059,1.8738,0,1,0.0564224,1.31162,-0.963259,1,2,1.43895,0.0181525,2.36776,
0,1,0.0420432,0.190816,1.96904,0,2,0.063926,1.30061,-0.868016,1,2,1.43895,0.0181525,2.65347,
0,1,0.0369919,0.203149,2.06429,0,2,0.0649385,1.29915,-0.601349,1,2,1.43895,0.0181525,2.93918,
0,1,0.0307905,0.214946,2.15953,0,2,0.0649385,1.29915,-0.315635,1,2,1.43895,0.0181525,-3.05829,
0,0,0.0234954,0.2261,2.25477,0,0,0.0649385,1.29915,-0.0299202,1,2,1.43895,0.0181525,-2.77257,
0,0,0.0257805,0.22363,2.43572,0,0,0.0589409,1.29933,0.170075,1,0,1.43895,0.0181525,-2.48686,
0,0,0.0307683,0.219221,2.62619,0,0,0.0523608,1.29834,0.360547,1,0,1.44371,0.0218064,-2.28686,
0,0,0.0364965,0.215831,2.81666,0,0,0.0460892,1.29611,0.551018,1,0,1.44818,0.0267389,-2.09639,
0,0,0.0427629,0.213587,3.00713,0,0,0.0403531,1.29273,0.74149,1,0,1.45162,0.0324323,-1.90592,
0,0,0.0493409,0.21257,-3.08558,0,0,0.0353601,1.28833,0.931961,1,0,1.45393,0.0386755,-1.71545,
0,0,0.0559925,0.212816,-2.89511,0,0,0.0312907,1.28306,1.12243,1,0,1.45502,0.0452427,-1.52498,
0,0,0.0624771,0.214318,-2.70464,0,0,0.0282921,1.27712,1.3129,1,0,1.45484,0.0518965,-1.33451,
0,0,0.0685602,0.21702,-2.51417,0,0,0.0264728,1.27072,1.50338,1,0,1.4534,0.0583961,-1.14403,
0,0,0.0740217,0.220824,-2.32369,0,0,0.0258985,1.26408,1.69385,1,0,1.45076,0.0645064,-0.953563,
0,0,0.0786642,0.225594,-2.13322,0,0,0.02659,1.25746,1.88432,1,0,1.44701,0.0700064,-0.763092,
0,0,0.0823196,0.231157,-1.94275,0,0,0.0285224,1.2511,2.07479,1,0,1.44229,0.0746973,-0.57262,
0,0,0.0848559,0.237311,-1.75228,0,0,0.0316258,1.24521,2.26526,1,0,1.43677,0.0784092,-0.382149,
0,0,0.0861812,0.243834,-1.56181,0,0,0.0357878,1.24001,2.45573,1,0,1.43064,0.0810081,-0.191677,
0,0,0.0862476,0.250489,-1.37134,0,0,0.0408579,1.2357,2.6462,1,0,1.42413,0.0823998,-0.00120603,
0,0,0.0850527,0.257037,-1.18087,0,0,0.0466528,1.23243,2.83668,1,0,1.41747,0.082534,0.189265,
0,0,0.0826397,0.263241,-0.990394,0,0,0.0529629,1.23031,3.02715,1,0,1.41091,0.081406,0.379737,
0,2,0.079096,0.268875,-0.799923,0,0,0.0595599,1.22942,-3.06557,1,0,1.40469,0.0790564,0.570208,
0,2,0.0787304,0.269433,-0.523733,0,0,0.0662052,1.2298,-2.8751,1,0,1.39902,0.0755702,0.76068,
0,2,0.0787304,0.269433,-0.238019,0,0,0.0726585,1.23143,-2.68462,1,0,1.39411,0.0710737,0.951151,
0,2,0.0787304,0.269433,0.0476956,0,0,0.0786863,1.23426,-2.49415,1,0,1.39014,0.0657293,1.14162,
0,2,0.0787304,0.269433,0.33341,0,0,0.0840706,1.23817,-2.30368,1,0,1.38726,0.0597304,1.33209,
0,0,0.0787304,0.269433,0.619124,0,1,0.0886166,1.24303,-2.11321,1,0,1.38556,0.053294,1.52257,
0,0,0.0738438,0.26595,0.81912,0,1,0.0836117,1.23432,-2.00844,1,2,1.38511,0.0466529,1.71304,
0,1,0.0692035,0.26118,1.00959,0,1,0.0778378,1.22231,-1.9132,1,2,1.38508,0.0459869,1.98923,
0,1,0.0743712,0.269793,1.11436,0,1,0.0732438,1.2098,-1.81796,1,2,1.38508,0.0459869,2.27494,
0,1,0.0803697,0.281693,1.2096,0,1,0.0698604,1.19691,-1.72272,1,2,1.38508,0.0459869,2.56066,
0,1,0.085198,0.294116,1.30484,0,1,0.0677182,1.18375,-1.62747,1,2,1.38508,0.0459869,2.84637,
0,1,0.0888231,0.306941,1.40009,0,1,0.0668367,1.17046,-1.53223,1,2,1.38508,0.0459869,3.13208,
0,1,0.091212,0.320052,1.49533,0,1,0.0672239,1.15713,-1.43699,1,2,1.38508,0.0459869,-2.86539,
0,1,0.0923433,0.333332,1.59057,0,1,0.0688761,1.14391,-1.34174,1,0,1.38508,0.0459869,-2.57967,
0,1,0.0922065,0.346659,1.68581,0,1,0.0717786,1.1309,-1.2465,1,0,1.39016,0.049184,-2.37968,
0,1,0.090803,0.359912,1.78106,0,1,0.0759049,1.11823,-1.15126,1,0,1.39506,0.0536813,-2.18921,
0,1,0.0881455,0.372972,1.8763,0,1,0.0812177,1.10601,-1.05602,1,0,1.39903,0.0590305,-1.99873,
0,1,0.084258,0.38572,1.97154,0,1,0.0876688,1.09434,-0.960773,1,0,1.4019,0.065033,-1.80826,
0,1,0.0791758,0.398041,2.06679,0,2,0.0951997,1.08335,-0.86553,1,0,1.40359,0.0714715,-1.61779,
0,1,0.072945,0.409822,2.16203,0,2,0.0962159,1.08189,-0.598863,1,0,1.40403,0.0781131,-1.42732,
0,0,0.0656221,0.420957,2.25727,0,2,0.0962159,1.08189,-0.313148,1,0,1.4032,0.0847178,-1.23685,
0,0,0.0679134,0.418493,2.43822,0,2,0.0962159,1.08189,-0.0274341,1,0,1.40114,0.0910464,-1.04638,
0,0,0.0729121,0.414097,2.62869,0,0,0.0962159,1.08189,0.25828,1,0,1.39792,0.0968702,-0.855906,
0,0,0.0786488,0.410721,2.81916,0,0,0.0904146,1.08036,0.458276,1,0,1.39365,0.101979,-0.665434,
0,0,0.0849208,0.408492,3.00963,0,0,0.0843888,1.07754,0.648747,1,0,1.38849,0.106187,-0.474963,
0,0,0.0915013,0.407492,-3.08308,0,0,0.0790096,1.07362,0.839219,1,0,1.38263,0.109342,-0.284491,
0,0,0.0981522,0.407755,-2.89261,0,0,0.0744699,1.06875,1.02969,1,0,1.37628,0.111331,-0.0940199,
0,0,0.104633,0.409272,-2.70214,0,0,0.0709339,1.06311,1.22016,1,0,1.36967,0.112082,0.0964515,
0,0,0.110709,0.41199,-2.51167,0,0,0.0685294,1.0569,1.41063,1,0,1.36303,0.111566,0.286923,
0,0,0.116161,0.415808,-2.32119,0,0,0.0673435,1.05035,1.6011,1,0,1.35661,0.109804,0.477394,
0,0,0.120792,0.420589,-2.13072,0,0,0.067419,1.0437,1.79158,1,0,1.35064,0.106858,0.667866,
0,0,0.124433,0.426161,-1.94025,0,0,0.0687532,1.03718,1.98205,1,0,1.34534,0.102836,0.858337,
0,0,0.126954,0.432321,-1.74978,0,0,0.0712978,1.03103,2.17252,1,0,1.34089,0.0978824,1.04881,
0,0,0.128263,0.438847,-1.55931,0,0,0.0749609,1.02547,2.36299,1,0,1.33747,0.0921767,1.23928,
0,0,0.128313,0.445503,-1.36884,0,0,0.0796099,1.02071,2.55346,1,0,1.33518,0.0859252,1.42975,
0,0,0.127102,0.452048,-1.17837,0,0,0.0850766,1.01691,2.74393,1,0,1.33412,0.079354,1.62022,
0,2,0.124673,0.458246,-0.987894,0,0,0.0911634,1.01421,2.9344,1,2,1.33432,0.072701,1.81069,
0,2,0.124418,0.458862,-0.711704,0,0,0.0976501,1.01272,3.12488,1,2,1.33436,0.0720351,2.08688,
0,2,0.124418,0.458862,-0.42599,0,0,0.104302,1.01248,-2.96784,1,2,1.33436,0.0720351,2.3726,
0,2,0.124418,0.458862,-0.140275,0,0,0.110879,1.01351,-2.77737,1,2,1.33436,0.0720351,2.65831,
0,2,0.124418,0.458862,0.145439,0,0,0.117142,1.01576,-2.5869,1,2,1.33436,0.0720351,2.94403,
0,0,0.124418,0.458862,0.431153,0,0,0.122865,1.01916,-2.39642,1,2,1.33436,0.0720351,-3.05344,
0,0,0.118967,0.456354,0.631149,0,1,0.127842,1.02358,-2.20595,1,2,1.33436,0.0720351,-2.76773,
0,0,0.113517,0.452535,0.82162,0,1,0.122052,1.01537,-2.10119,1,0,1.33436,0.0720351,-2.48202,
0,1,0.108892,0.447748,1.01209,0,1,0.115191,1.00395,-2.00594,1,0,1.3391,0.075712,-2.28202,
0,1,0.114039,0.456374,1.11686,0,1,0.109458,0.991917,-1.9107,1,0,1.34354,0.0806661,-2.09155,
0,1,0.120007,0.468289,1.2121,0,1,0.104895,0.979395,-1.81546,1,0,1.34696,0.0863761,-1.90108,
0,1,0.124805,0.480723,1.30734,0,1,0.101544,0.966496,-1.72022,1,0,1.34924,0.0926305,-1.71061,
0,1,0.128398,0.493557,1.40259,0,1,0.0994349,0.953336,-1.62497,1,0,1.35029,0.0992029,-1.52013,
0,1,0.130754,0.506675,1.49783,0,1,0.0985866,0.940036,-1.52973,1,0,1.35008,0.105856,-1.32966,
0,1,0.131852,0.519957,1.59307,0,1,0.0990071,0.926715,-1.43449,1,0,1.34861,0.112348,-1.13919,
0,1,0.131682,0.533284,1.68831,0,1,0.100692,0.913494,-1.33924,1,0,1.34595,0.118446,-0.94872,
0,1,0.130245,0.546533,1.78356,0,1,0.103627,0.900494,-1.244,1,0,1.34217,0.123927,-0.758248,
0,1,0.127555,0.559587,1.8788,0,1,0.107785,0.887831,-1.14876,1,0,1.33743,0.128595,-0.567777,
0,1,0.123636,0.572325,1.97404,0,1,0.113129,0.875622,-1.05352,1,0,1.33188,0.132281,-0.377305,
0,1,0.118523,0.584633,2.06929,0,1,0.119609,0.863976,-0.958272,1,0,1.32574,0.13485,-0.186834,
0,1,0.112262,0.596398,2.16453,0,2,0.127167,0.852999,-0.863029,1,0,1.31923,0.13621,0.00363759,
0,0,0.104912,0.607516,2.25977,0,2,0.128187,0.851548,-0.596362,1,0,1.31257,0.136312,0.194109,
0,0,0.107209,0.605057,2.44072,0,2,0.128187,0.851548,-0.310648,1,0,1.30602,0.135152,0.38458,
0,0,0.112219,0.600673,2.63119,0,2,0.128187,0.851548,-0.0249337,1,0,1.2998,0.132772,0.575052,
0,0,0.117964,0.597312,2.82166,0,0,0.128187,0.851548,0.260781,1,0,1.29415,0.129259,0.765523,
0,0,0.124241,0.595099,3.01213,0,0,0.12239,0.85,0.460776,1,0,1.28926,0.124738,0.955995,
0,0,0.130824,0.594115,-3.08058,0,0,0.116371,0.847161,0.651248,1,0,1.28532,0.119375,1.14647,
0,0,0.137475,0.594394,-2.89011,0,0,0.111002,0.843227,0.841719,1,0,1.28246,0.113362,1.33694,
0,0,0.143952,0.595928,-2.69964,0,0,0.106474,0.838348,1.03219,1,0,1.2808,0.106918,1.52741,
0,0,0.150021,0.59866,-2.50917,0,0,0.102952,0.8327,1.22266,1,0,1.28038,0.100274,1.71788,
0,0,0.155464,0.602492,-2.31869,0,0,0.100563,0.826487,1.41313,1,2,1.28124,0.0936728,1.90835,
0,0,0.160082,0.607285,-2.12822,0,0,0.0993937,0.819935,1.6036,1,2,1.28133,0.0930133,2.18454,
0,0,0.16371,0.612866,-1.93775,0,0,0.0994858,0.813279,1.79408,1,2,1.28133,0.0930133,2.47026,
0,0,0.166215,0.619033,-1.74728,0,0,0.100836,0.806761,1.98455,1,2,1.28133,0.0930133,2.75597,
0,0,0.167508,0.625562,-1.55681,0,0,0.103396,0.800617,2.17502,1,2,1.28133,0.0930133,3.04168,
0,0,0.167541,0.632218,-1.36634,0,0,0.107073,0.795069,2.36549,1,2,1.28133,0.0930133,-2.95579,
0,0,0.169897,0.635387,-1.17587,0,0,0.108151,0.79369,2.55596,1,0,1.28133,0.0930133,-2.67007,
0,2,0.172808,0.636837,-0.985394,0,0,0.108741,0.794217,2.74643,1,0,1.28668,0.0957389,-2.47008,
0,2,0.173308,0.636795,-0.709204,0,0,0.111006,0.794884,2.9369,1,0,1.29197,0.099775,-2.2796,
0,2,0.173334,0.636772,-0.423489,0,0,0.114442,0.796167,3.12738,1,0,1.2964,0.104745,-2.08913,
0,2,0.173334,0.636772,-0.137775,0,0,0.11912,0.797826,-2.96534,1,0,1.2998,0.110463,-1.89866,
0,2,0.173334,0.636772,0.147939,0,0,0.124906,0.79967,-2.77487,1,0,1.30207,0.116723,-1.70819,
0,0,0.173334,0.636772,0.433653,0,0,0.131107,0.802,-2.58439,1,0,1.3031,0.123298,-1.51772,
0,0,0.167889,0.63425,0.633649,0,0,0.136822,0.805412,-2.39392,1,0,1.30288,0.12995,-1.32725,
0,0,0.162448,0.630417,0.824121,0,0,0.141788,0.809844,-2.20345,1,0,1.30139,0.136439,-1.13678,
0,1,0.157836,0.625619,1.01459,0,1,0.145825,0.815137,-2.01298,1,0,1.29871,0.14253,-0.946305,
0,1,0.16296,0.634258,1.11936,0,1,0.141716,0.805971,-1.90821,1,0,1.29492,0.148003,-0.755833,
0,1,0.171133,0.637465,1.2146,0,1,0.13494,0.802166,-1.81297,1,0,1.29017,0.152659,-0.565362,
0,1,0.179628,0.639242,1.30984,0,1,0.127914,0.799828,-1.71773,1,0,1.28461,0.156331,-0.374891,
0,1,0.187942,0.64177,1.40509,0,1,0.121162,0.796781,-1.62249,1,0,1.27847,0.158885,-0.184419,
0,1,0.196008,0.645031,1.50033,0,1,0.114754,0.793057,-1.52724,1,0,1.27195,0.16023,0.00605225,
0,1,0.203763,0.649,1.59557,0,1,0.108758,0.788692,-1.432,1,0,1.26529,0.160316,0.196524,
0,1,0.211143,0.65365,1.69081,0,1,0.103236,0.783734,-1.33676,1,0,1.25874,0.15914,0.386995,
0,1,0.21809,0.658945,1.78606,0,1,0.0982481,0.778233,-1.24151,1,0,1.25253,0.156745,0.577467,
0,1,0.224546,0.664845,1.8813,0,1,0.0938454,0.772246,-1.14627,1,0,1.24689,0.153218,0.767938,
0,1,0.23046,0.671307,1.97654,0,1,0.0900752,0.765835,-1.05103,1,0,1.24201,0.148686,0.958409,
0,1,0.235783,0.678279,2.07179,0,1,0.0869774,0.759067,-0.955786,1,0,1.23808,0.143313,1.14888,
0,1,0.240469,0.68571,2.16703,0,1,0.0845853,0.752012,-0.860543,1,0,1.23524,0.137293,1.33935,
0,1,0.24448,0.69354,2.26227,0,1,0.0829248,0.744742,-0.765301,1,0,1.23359,0.130845,1.52982,
0,1,0.247781,0.70171,2.35751,0,1,0.0820141,0.737334,-0.670058,1,0,1.23319,0.124201,1.7203,
0,1,0.250344,0.710156,2.45276,0,1,0.0818639,0.729864,-0.574815,1,2,1.23406,0.117601,1.91077,
0,1,0.252145,0.718811,2.548,0,1,0.082477,0.722411,-0.479572,1,2,1.23416,0.116942,2.18696,
0,1,0.253166,0.727606,2.64324,0,1,0.0838483,0.71505,-0.384329,1,2,1.23416,0.116942,2.47267,
0,1,0.253398,0.736472,2.73849,0,1,0.0859648,0.70786,-0.289086,1,2,1.23416,0.116942,2.75839,
0,1,0.252834,0.745338,2.83373,0,1,0.0888059,0.700915,-0.193843,1,2,1.23416,0.116942,3.0441,
0,1,0.251476,0.754134,2.92897,0,1,0.0923436,0.694287,-0.0986005,1,2,1.23416,0.116942,-2.95337,
0,1,0.248559,0.762357,3.02421,0,1,0.0973164,0.688476,-0.00335765,1,0,1.23416,0.116942,-2.66766,
0,1,0.245691,0.770721,3.11946,0,1,0.102095,0.682753,0.0918852,1,0,1.2395,0.11968,-2.46766,
0,1,0.24208,0.778809,-3.06848,0,1,0.107438,0.677538,0.187128,1,0,1.24478,0.123729,-2.27719,
0,1,0.237751,0.786554,-2.97324,0,1,0.113292,0.672888,0.282371,1,0,1.2492,0.12871,-2.08672,
0,1,0.232736,0.793893,-2.878,0,1,0.119598,0.668851,0.377614,1,0,1.25259,0.134436,-1.89625,
0,1,0.227072,0.800766,-2.78276,0,1,0.126291,0.665471,0.472857,1,0,1.25484,0.140701,-1.70578,
0,1,0.220802,0.807115,-2.68751,0,1,0.133304,0.662784,0.568099,1,0,1.25586,0.147279,-1.5153,
0,1,0.213975,0.812886,-2.59227,0,1,0.140564,0.66082,0.663342,1,0,1.25561,0.15393,-1.32483,
0,1,0.206642,0.81803,-2.49703,0,1,0.147997,0.6596,0.758585,1,0,1.25412,0.160416,-1.13436,
0,1,0.198862,0.822503,-2.40178,0,1,0.155528,0.659141,0.853828,1,0,1.25142,0.1665,-0.94389,
0,1,0.190694,0.826266,-2.30654,0,1,0.163078,0.659447,0.949071,1,0,1.24762,0.171964,-0.753419,
0,1,0.182205,0.829284,-2.2113,0,1,0.170571,0.660519,1.04431,1,0,1.24285,0.176609,-0.562947,
0,1,0.17346,0.831531,-2.11606,0,1,0.177929,0.662347,1.13956,1,0,1.23729,0.180267,-0.372476,
0,1,0.164531,0.832983,-2.02081,0,1,0.185077,0.664915,1.2348,1,0,1.23113,0.182807,-0.182005,
0,1,0.155488,0.833626,-1.92557,0,1,0.191939,0.668198,1.33004,1,0,1.22461,0.184135,0.00846692,
0,1,0.146406,0.833451,-1.83033,0,1,0.198446,0.672166,1.42529,1,0,1.21796,0.184205,0.198938,
0,1,0.137358,0.832456,-1.73508,0,1,0.204529,0.676779,1.52053,1,0,1.21141,0.183014,0.38941,
0,1,0.128418,0.830644,-1.63984,0,1,0.210125,0.681992,1.61577,1,0,1.2052,0.180604,0.579881,
0,1,0.11966,0.828026,-1.5446,0,1,0.215175,0.687754,1.71101,1,0,1.19957,0.177063,0.770353,
0,1,0.111155,0.824621,-1.44936,0,1,0.219626,0.694007,1.80626,1,0,1.1947,0.172519,0.960824,
0,1,0.102976,0.820452,-1.35411,0,1,0.22343,0.70069,1.9015,1,0,1.19079,0.167137,1.1513,
0,1,0.0951913,0.81555,-1.25887,0,1,0.226547,0.707736,1.99674,1,0,1.18796,0.16111,1.34177,
0,1,0.0878658,0.809952,-1.16363,0,1,0.228942,0.715073,2.09199,1,0,1.18633,0.154658,1.53224,
0,1,0.081862,0.80332,-1.06838,0,1,0.22979,0.72301,2.18723,1,0,1.18595,0.148013,1.72271,
0,1,0.0756771,0.796554,-0.973142,0,1,0.230642,0.730645,2.28247,1,2,1.18683,0.141415,1.91318,
0,1,0.0701183,0.789241,-0.877899,0,1,0.230721,0.738343,2.37771,1,2,1.18693,0.140756,2.18937,
0,1,0.0652338,0.781438,-0.782656,0,1,0.230023,0.746026,2.47296,1,2,1.18693,0.140756,2.47509,
0,1,0.0610672,0.773206,-0.687413,0,1,0.228553,0.753615,2.5682,1,2,1.18693,0.140756,2.7608,
0,1,0.0576566,0.76461,-0.59217,0,1,0.226323,0.761033,2.66344,1,2,1.18693,0.140756,3.04651,
0,1,0.0550338,0.755721,-0.496928,0,1,0.223353,0.768204,2.75869,1,2,1.18693,0.140756,-2.95096,
0,1,0.0532244,0.74661,-0.401685,0,1,0.219669,0.775054,2.85393,1,0,1.18693,0.140756,-2.66524,
0,1,0.0522475,0.737351,-0.306442,0,1,0.215307,0.781514,2.94917,1,0,1.19226,0.143508,-2.46525,
0,1,0.0521153,0.728021,-0.211199,0,1,0.210309,0.787516,3.04441,1,0,1.19753,0.147569,-2.27478,
0,1,0.0528333,0.718696,-0.115956,0,1,0.204721,0.792998,3.13966,1,0,1.20194,0.15256,-2.0843,
0,1,0.0543996,0.709454,-0.0207133,0,1,0.1986,0.797902,-3.04829,1,0,1.20532,0.158295,-1.89383,
0,1,0.0568057,0.700372,0.0745295,0,1,0.192003,0.802177,-2.95304,1,0,1.20755,0.164566,-1.70336,
0,1,0.0600356,0.691526,0.169772,0,1,0.184997,0.805778,-2.8578,1,0,1.20855,0.171146,-1.51289,
0,1,0.0640668,0.682992,0.265015,0,1,0.177649,0.808665,-2.76256,1,0,1.20829,0.177797,-1.32242,
0,1,0.0688697,0.674841,0.360258,0,1,0.170033,0.810807,-2.66731,1,0,1.20678,0.184278,-1.13195,
0,1,0.0744081,0.667145,0.455501,0,1,0.162224,0.81218,-2.57207,1,0,1.20407,0.190356,-0.941476,
0,1,0.0806396,0.659968,0.550744,0,1,0.1543,0.812766,-2.47683,1,0,1.20025,0.195811,-0.751004,
0,1,0.0875155,0.653375,0.645987,0,1,0.146339,0.812557,-2.38159,1,0,1.19547,0.200444,-0.560533,
0,1,0.0949818,0.647423,0.74123,0,1,0.138422,0.811551,-2.28634,1,0,1.1899,0.204089,-0.370061,
0,1,0.102979,0.642165,0.836472,0,1,0.130628,0.809756,-2.1911,1,0,1.18374,0.206614,-0.17959,
0,1,0.111442,0.637648,0.931715,0,1,0.123035,0.807187,-2.09586,1,0,1.17722,0.207927,0.0108816,
0,1,0.120304,0.633916,1.02696,0,1,0.115721,0.803865,-2.00061,1,0,1.17056,0.20798,0.201353,
0,1,0.129344,0.631875,1.1222,0,1,0.108889,0.799048,-1.90537,1,0,1.16402,0.206773,0.391824,
0,1,0.138568,0.63027,1.21744,0,1,0.102293,0.794815,-1.81013,1,0,1.15782,0.204348,0.582296,
0,1,0.14792,0.629508,1.31269,0,1,0.0961396,0.789931,-1.71489,1,0,1.15219,0.200794,0.772767,
0,1,0.157324,0.629602,1.40793,0,1,0.0904934,0.784444,-1.61964,1,0,1.14734,0.196238,0.963239,
0,1,0.166702,0.630553,1.50317,0,1,0.0854137,0.778406,-1.5244,1,0,1.14344,0.190846,1.15371,
0,1,0.175976,0.632359,1.59842,0,1,0.0809536,0.771876,-1.42916,1,0,1.14062,0.184813,1.34418,
0,1,0.185068,0.635009,1.69366,0,1,0.0771605,0.764917,-1.33391,1,0,1.13901,0.178357,1.53465,
0,1,0.193901,0.638485,1.7889,0,1,0.074075,0.757598,-1.23867,1,0,1.13864,0.171711,1.72512,
0,1,0.2024,0.642763,1.88414,0,1,0.071731,0.74999,-1.14343,1,0,1.13954,0.165115,1.9156,
0,1,0.210491,0.64781,1.97939,0,1,0.0701549,0.742169,-1.04819,1,2,1.14167,0.158809,2.10607,
0,1,0.218106,0.653588,2.07463,0,1,0.0693654,0.734212,-0.952943,1,2,1.14189,0.158182,2.38226,
0,1,0.225177,0.660053,2.16987,0,1,0.0693737,0.726198,-0.8577,1,2,1.14189,0.158182,2.66797,
0,1,0.231644,0.667154,2.26512,0,1,0.0701829,0.718207,-0.762457,1,2,1.14189,0.158182,2.95369,
0,1,0.237447,0.674834,2.36036,0,1,0.0717881,0.710319,-0.667214,1,2,1.14189,0.158182,-3.04379,
0,1,0.242535,0.683032,2.4556,0,1,0.0741766,0.702613,-0.571972,1,0,1.14189,0.158182,-2.75807,
0,1,0.246862,0.691682,2.55084,0,1,0.0773277,0.695166,-0.476729,1,0,1.14746,0.160427,-2.55808,
0,1,0.250388,0.700712,2.64609,0,1,0.081213,0.688054,-0.381486,1,0,1.15308,0.163983,-2.3676,
0,1,0.253077,0.71005,2.74133,0,1,0.085797,0.681349,-0.286243,1,0,1.15793,0.168544,-2.17713,
0,1,0.254904,0.719616,2.83657,0,1,0.0910368,0.675119,-0.191,1,0,1.16183,0.173941,-1.98666,
0,1,0.255849,0.729333,2.93182,0,1,0.0968831,0.669428,-0.0957573,1,0,1.16463,0.179978,-1.79619,
0,1,0.255899,0.739118,3.02706,0,1,0.10328,0.664335,-0.00051441,1,0,1.16624,0.186436,-1.60572,
0,1,0.255049,0.74889,3.1223,0,1,0.110167,0.659892,0.0947284,1,0,1.1666,0.193082,-1.41525,
0,1,0.2525,0.757867,-3.06564,0,1,0.117919,0.656539,0.189971,1,0,1.16569,0.199677,-1.22478,
0,1,0.249511,0.766884,-2.9704,0,1,0.125118,0.653166,0.285214,1,0,1.16355,0.20598,-1.0343,
0,1,0.245702,0.775611,-2.87516,0,1,0.132636,0.650522,0.380457,1,0,1.16026,0.211764,-0.843832,
0,1,0.241102,0.783972,-2.77991,0,1,0.140397,0.648638,0.4757,1,0,1.15593,0.216821,-0.653361,
0,1,0.235745,0.791898,-2.68467,0,1,0.148325,0.647535,0.570943,1,0,1.15073,0.220966,-0.462889,
0,1,0.229672,0.799317,-2.58943,0,1,0.156342,0.647227,0.666186,1,0,1.14483,0.224051,-0.272418,
0,1,0.222929,0.806167,-2.49418,0,1,0.164368,0.647721,0.761428,1,0,1.13845,0.225963,-0.0819466,
0,1,0.215572,0.812385,-2.39894,0,1,0.172322,0.649015,0.856671,1,0,1.13183,0.226634,0.108525,
0,1,0.207657,0.817918,-2.3037,0,1,0.180126,0.651099,0.951914,1,0,1.1252,0.226038,0.298996,
0,1,0.19925,0.822713,-2.20846,0,1,0.1877,0.653956,1.04716,1,0,1.1188,0.224199,0.489468,
0,1,0.190417,0.826728,-2.11321,0,1,0.19497,0.65756,1.1424,1,0,1.11287,0.221181,0.679939,
0,1,0.181233,0.829924,-2.01797,0,1,0.20186,0.66188,1.23764,1,0,1.10762,0.217095,0.870411,
0,1,0.171772,0.83227,-1.92273,0,1,0.208301,0.666874,1.33289,1,0,1.10323,0.212088,1.06088,
0,1,0.162113,0.833743,-1.82748,0,1,0.214228,0.672496,1.42813,1,0,1.09987,0.206341,1.25135,
0,1,0.152337,0.834324,-1.73224,0,1,0.219579,0.678693,1.52337,1,0,1.09766,0.200063,1.44182,
0,1,0.142526,0.834005,-1.637,0,1,0.224299,0.685406,1.61861,1,0,1.09668,0.193479,1.6323,
0,1,0.132763,0.832784,-1.54176,0,1,0.228339,0.69257,1.71386,1,0,1.09696,0.186829,1.82277,
0,1,0.123131,0.830666,-1.44651,0,1,0.231656,0.700116,1.8091,1,2,1.0985,0.180353,2.01324,
0,1,0.113712,0.827665,-1.35127,0,1,0.234214,0.707972,1.90434,1,2,1.09867,0.179707,2.28943,
0,1,0.104587,0.823802,-1.25603,0,1,0.235984,0.716061,1.99959,1,2,1.09867,0.179707,2.57514,
0,1,0.095836,0.819105,-1.16078,0,1,0.236947,0.724304,2.09483,1,2,1.09867,0.179707,2.86086,
0,1,0.0875349,0.813611,-1.06554,0,1,0.237089,0.73262,2.19007,1,2,1.09867,0.179707,-3.13661,
0,1,0.0813099,0.806775,-0.970299,0,1,0.236466,0.740911,2.28531,1,0,1.09867,0.179707,-2.8509,
0,1,0.0749762,0.799675,-0.875056,0,1,0.235765,0.74884,2.38056,1,0,1.10442,0.181427,-2.6509,
0,1,0.069304,0.792008,-0.779813,0,1,0.234273,0.756677,2.4758,1,0,1.11035,0.184446,-2.46043,
0,1,0.0643442,0.783836,-0.68457,0,1,0.232001,0.764343,2.57104,1,0,1.1156,0.188538,-2.26996,
0,1,0.060142,0.775224,-0.589327,0,1,0.22897,0.771761,2.66629,1,0,1.11998,0.193551,-2.07949,
0,1,0.0567366,0.766244,-0.494084,0,1,0.225205,0.778855,2.76153,1,0,1.12333,0.199301,-1.88902,
0,1,0.0541608,0.756968,-0.398841,0,1,0.220742,0.785554,2.85677,1,0,1.12553,0.205583,-1.69855,
0,1,0.0524405,0.747472,-0.303599,0,1,0.215623,0.79179,2.95201,1,0,1.1265,0.212167,-1.50807,
0,1,0.0515946,0.737837,-0.208356,0,1,0.209895,0.797498,3.04726,1,0,1.12621,0.218817,-1.3176,
0,1,0.0516347,0.728142,-0.113113,0,1,0.203614,0.802619,-3.14069,1,0,1.12467,0.225291,-1.12713,
0,1,0.0525649,0.718468,-0.0178701,0,1,0.196839,0.8071,-3.04544,1,0,1.12192,0.231356,-0.936661,
0,1,0.0543821,0.708899,0.0773728,0,1,0.189636,0.810893,-2.9502,1,0,1.11808,0.236792,-0.746189,
0,1,0.0570753,0.699514,0.172616,0,1,0.182075,0.813959,-2.85496,1,0,1.11328,0.241403,-0.555718,
0,1,0.0606264,0.690394,0.267859,0,1,0.174228,0.816264,-2.75971,1,0,1.10769,0.245021,-0.365246,
0,1,0.0650095,0.681618,0.363101,0,1,0.166174,0.817782,-2.66447,1,0,1.10152,0.247516,-0.174775,
0,1,0.0701919,0.673262,0.458344,0,1,0.15799,0.818494,-2.56923,1,0,1.09499,0.248797,0.0156966,
0,1,0.0761336,0.665398,0.553587,0,1,0.149757,0.818391,-2.47399,1,0,1.08834,0.248819,0.206168,
0,1,0.0827881,0.658097,0.64883,0,1,0.141557,0.817469,-2.37874,1,0,1.0818,0.24758,0.396639,
0,1,0.0901025,0.651422,0.744073,0,1,0.13347,0.815735,-2.2835,1,0,1.07561,0.245125,0.587111,
0,1,0.0980181,0.645435,0.839316,0,1,0.125577,0.813203,-2.18826,1,0,1.07,0.241544,0.777582,
0,1,0.106482,0.641151,0.934558,0,1,0.11795,0.809243,-2.09301,1,0,1.06517,0.236965,0.968054,
0,1,0.115265,0.637464,1.0298,0,1,0.110695,0.805961,-1.99777,1,0,1.06129,0.231554,1.15853,
0,1,0.124367,0.634588,1.12504,0,1,0.103786,0.801963,-1.90253,1,0,1.05851,0.225508,1.349,
0,1,0.133716,0.63255,1.22029,0,1,0.0972963,0.797284,-1.80729,1,0,1.05692,0.219043,1.53947,
0,1,0.143234,0.631373,1.31553,0,1,0.0912917,0.79197,-1.71204,1,0,1.05659,0.212396,1.72994,
0,1,0.152843,0.63107,1.41077,0,1,0.0858344,0.786071,-1.6168,1,2,1.05752,0.205805,1.92041,
0,1,0.162462,0.631649,1.50602,0,1,0.080981,0.779643,-1.52156,1,2,1.05762,0.205147,2.1966,
0,1,0.17201,0.633109,1.60126,0,1,0.0767823,0.772748,-1.42631,1,2,1.05762,0.205147,2.48232,
0,1,0.181406,0.635443,1.6965,0,1,0.0732828,0.765452,-1.33107,1,2,1.05762,0.205147,2.76803,
0,1,0.190571,0.638635,1.79174,0,1,0.0705203,0.757828,-1.23583,1,2,1.05762,0.205147,3.05374,
0,1,0.199425,0.642663,1.88699,0,1,0.0685252,0.749949,-1.14059,1,2,1.05762,0.205147,-2.94373,
0,1,0.207893,0.647496,1.98223,0,1,0.0673205,0.741892,-1.04534,1,0,1.05762,0.205147,-2.65801,
0,1,0.2159,0.653099,2.07747,0,1,0.0669214,0.733737,-0.9501,1,0,1.06293,0.207936,-2.45802,
0,1,0.223378,0.659428,2.17272,0,1,0.0673351,0.725565,-0.854857,1,0,1.06818,0.212036,-2.26755,
0,1,0.230259,0.666433,2.26796,0,1,0.068561,0.717455,-0.759614,1,0,1.07254,0.217059,-2.07707,
0,1,0.236482,0.674058,2.3632,0,1,0.0705902,0.709489,-0.664371,1,0,1.07588,0.222818,-1.8866,
0,1,0.241992,0.682242,2.45844,0,1,0.0734059,0.701747,-0.569128,1,0,1.07807,0.229105,-1.69613,
0,1,0.246737,0.690917,2.55369,0,1,0.0769835,0.694305,-0.473885,1,0,1.07903,0.235691,-1.50566,
0,1,0.250674,0.700013,2.64893,0,1,0.0812908,0.687238,-0.378643,1,0,1.07872,0.242341,-1.31519,
0,1,0.253765,0.709455,2.74417,0,1,0.0862882,0.680618,-0.2834,1,0,1.07716,0.248811,-1.12472,
0,1,0.25598,0.719163,2.83942,0,1,0.0919294,0.674512,-0.188157,1,0,1.0744,0.254869,-0.934246,
0,1,0.256412,0.728667,2.93466,0,1,0.0987489,0.669243,-0.092914,1,0,1.07055,0.260296,-0.743774,
0,1,0.256144,0.738205,3.0299,0,1,0.104777,0.664024,0.00232883,1,0,1.06574,0.264895,-0.553303,
0,1,0.255004,0.747699,3.12514,0,1,0.111312,0.659422,0.0975717,1,0,1.06014,0.268499,-0.362832,
0,1,0.252996,0.757072,-3.0628,0,1,0.118288,0.655485,0.192815,1,0,1.05396,0.270979,-0.17236,
0,1,0.250133,0.766244,-2.96756,0,1,0.125639,0.652256,0.288057,1,0,1.04743,0.272245,0.0181113,
0,1,0.246434,0.775136,-2.87231,0,1,0.133292,0.64977,0.3833,1,0,1.04077,0.272251,0.208583,
0,1,0.241927,0.783673,-2.77707,0,1,0.141173,0.648054,0.478543,1,0,1.03423,0.270996,0.399054,
0,1,0.236645,0.79178,-2.68183,0,1,0.149203,0.64713,0.573786,1,0,1.02805,0.268527,0.589526,
0,1,0.230628,0.799387,-2.58658,0,1,0.157304,0.647009,0.669029,1,0,1.02245,0.264932,0.779997,
0,1,0.223923,0.806428,-2.49134,0,1,0.165395,0.647695,0.764272,1,0,1.01763,0.260341,0.970468,
0,1,0.216585,0.812839,-2.3961,0,1,0.173395,0.649186,0.859515,1,0,1.01377,0.254921,1.16094,
0,1,0.20867,0.818564,-2.30086,0,1,0.181226,0.65147,0.954757,1,0,1.011,0.248868,1.35141,
0,1,0.200245,0.823551,-2.20561,0,1,0.188808,0.654528,1.05,1,0,1.00943,0.2424,1.54188,
0,1,0.191376,0.827753,-2.11037,0,1,0.196065,0.658331,1.14524,1,0,1.00911,0.235751,1.73235,
0,1,0.182137,0.831131,-2.01513,0,1,0.202925,0.662847,1.24049,1,2,1.01006,0.229163,1.92283,
0,1,0.172605,0.833653,-1.91988,0,1,0.209317,0.668032,1.33573,1,2,1.01016,0.228504,2.19902,
0,1,0.162858,0.835291,-1.82464,0,1,0.215177,0.673839,1.43097,1,2,1.01016,0.228504,2.48473,
0,1,0.152979,0.836029,-1.7294,0,1,0.220444,0.680212,1.52621,1,2,1.01016,0.228504,2.77044,
0,1,0.143051,0.835854,-1.63416,0,1,0.225064,0.687091,1.62146,1,2,1.01016,0.228504,3.05616,
0,1,0.133158,0.834765,-1.53891,0,1,0.228989,0.694411,1.7167,1,0,1.01016,0.228504,-2.94131,
0,1,0.123385,0.832766,-1.44367,0,1,0.232176,0.7021,1.81194,1,0,1.01604,0.229698,-2.74132,
0,1,0.1146,0.829183,-1.34843,0,1,0.234158,0.710459,1.90719,1,0,1.02222,0.232169,-2.55085,
0,1,0.10599,0.82501,-1.25318,0,1,0.236355,0.718143,2.00243,1,0,1.02782,0.235771,-2.36037,
0,1,0.0977787,0.820055,-1.15794,0,1,0.237779,0.726027,2.09767,1,0,1.03264,0.240367,-2.1699,
0,1,0.0900367,0.814357,-1.0627,0,1,0.238411,0.734031,2.19291,1,0,1.03649,0.245792,-1.97943,
0,1,0.0828314,0.80796,-0.967455,0,1,0.238242,0.742077,2.28816,1,0,1.03925,0.251849,-1.78896,
0,1,0.0762263,0.800914,-0.872213,0,1,0.237271,0.750084,2.3834,1,0,1.04082,0.258319,-1.59849,
0,1,0.07028,0.793274,-0.77697,0,1,0.235503,0.757972,2.47864,1,0,1.04113,0.264968,-1.40802,
0,1,0.0650462,0.785102,-0.681727,0,1,0.232954,0.765662,2.57389,1,0,1.04017,0.271555,-1.21755,
0,1,0.0605725,0.776466,-0.586484,0,1,0.229644,0.773078,2.66913,1,0,1.03799,0.277843,-1.02707,
0,1,0.0569008,0.767434,-0.491241,0,1,0.225605,0.780144,2.76437,1,0,1.03465,0.283603,-0.836603,
0,1,0.0540662,0.758081,-0.395998,0,1,0.220873,0.786789,2.85961,1,0,1.03029,0.288628,-0.646131,
0,1,0.052097,0.748485,-0.300755,0,1,0.215493,0.792945,2.95486,1,0,1.02505,0.292736,-0.45566,
0,1,0.0510142,0.738726,-0.205513,0,1,0.209514,0.798549,3.0501,1,0,1.01913,0.295778,-0.265188,
0,1,0.0508317,0.728886,-0.11027,0,1,0.202994,0.803543,-3.13784,1,0,1.01274,0.297644,-0.0747169,
0,1,0.0515554,0.719047,-0.0150268,0,1,0.195994,0.807875,-3.0426,1,0,1.00611,0.298267,0.115755,
0,1,0.0531839,0.709294,0.080216,0,1,0.188583,0.8115,-2.94736,1,0,0.99949,0.297623,0.306226,
0,1,0.055708,0.699709,0.175459,0,1,0.180832,0.814379,-2.85211,1,0,0.993107,0.295737,0.496697,
0,1,0.0591107,0.690376,0.270702,0,1,0.172815,0.816481,-2.75687,1,0,0.987196,0.292677,0.687169,
0,1,0.0633676,0.681373,0.365945,0,1,0.164612,0.817782,-2.66163,1,0,0.981971,0.288553,0.87764,
0,1,0.0684467,0.672781,0.461187,0,1,0.156301,0.818265,-2.56639,1,0,0.977622,0.283515,1.06811,
0,1,0.0743088,0.664674,0.55643,0,1,0.147965,0.817922,-2.47114,1,0,0.974305,0.277744,1.25858,
0,1,0.0812173,0.658195,0.651673,0,1,0.139553,0.816268,-2.3759,1,0,0.972141,0.271449,1.44905,
0,1,0.0885777,0.652032,0.746916,0,1,0.131637,0.81501,-2.28066,1,0,0.971207,0.264859,1.63953,
0,1,0.0964892,0.646554,0.842159,0,1,0.123869,0.812964,-2.18541,1,0,0.971538,0.258211,1.83,
0,1,0.104888,0.641813,0.937402,0,1,0.116325,0.810148,-2.09017,1,2,0.973122,0.251746,2.02047,
0,1,0.113707,0.637851,1.03264,0,1,0.109083,0.806588,-1.99493,1,2,0.973293,0.251102,2.29666,
0,1,0.122874,0.634706,1.12789,0,1,0.102216,0.802314,-1.89969,1,2,0.973293,0.251102,2.58237,
0,1,0.132312,0.632408,1.22313,0,1,0.0957934,0.797368,-1.80444,1,2,0.973293,0.251102,2.86809,
0,1,0.141943,0.630982,1.31837,0,1,0.0898811,0.791795,-1.7092,1,2,0.973293,0.251102,-3.12938,
0,1,0.151688,0.630444,1.41362,0,1,0.0845399,0.785647,-1.61396,1,0,0.973293,0.251102,-2.84367,
0,1,0.161465,0.630802,1.50886,0,1,0.0798252,0.778985,-1.51871,1,0,0.979029,0.252863,-2.64367,
0,1,0.17119,0.632059,1.6041,0,1,0.0757862,0.771871,-1.42347,1,0,0.984938,0.255924,-2.4532,
0,1,0.180781,0.634209,1.69934,0,1,0.0724659,0.764374,-1.32823,1,0,0.990157,0.260055,-2.26273,
0,1,0.190156,0.637237,1.79459,0,1,0.0699,0.756567,-1.23299,1,0,0.994501,0.265099,-2.07226,
0,1,0.199234,0.641123,1.88983,0,1,0.068117,0.748527,-1.13774,1,0,0.99781,0.270874,-1.88179,
0,1,0.207938,0.645838,1.98507,0,1,0.0671378,0.74033,-1.0425,1,0,0.999967,0.277171,-1.69132,
0,1,0.21619,0.651346,2.08032,0,1,0.0669753,0.732058,-0.947257,1,0,1.00089,0.283762,-1.50085,
0,1,0.223919,0.657605,2.17556,0,1,0.0676346,0.723792,-0.852014,1,0,1.00055,0.29041,-1.31037,
0,1,0.231056,0.664564,2.2708,0,1,0.0691124,0.715614,-0.756771,1,0,0.998962,0.296873,-1.1199,
0,1,0.237537,0.672168,2.36604,0,1,0.0713977,0.707604,-0.661528,1,0,0.996175,0.302917,-0.929431,
0,1,0.243304,0.680356,2.46129,0,1,0.0744711,0.699842,-0.566285,1,0,0.992295,0.308325,-0.738959,
0,1,0.248304,0.689061,2.55653,0,1,0.0783058,0.692405,-0.471042,1,0,0.987461,0.312901,-0.548488,
0,1,0.251379,0.698045,2.65177,0,1,0.0833505,0.685449,-0.375799,1,0,0.981848,0.316479,-0.358017,
0,1,0.25396,0.70731,2.74702,0,1,0.0878152,0.678781,-0.280557,1,0,0.975659,0.318929,-0.167545,
0,1,0.255687,0.716795,2.84226,0,1,0.0929337,0.672576,-0.185314,1,0,0.969118,0.320163,0.0229263,
0,1,0.25654,0.726421,2.9375,0,1,0.0986576,0.666899,-0.0900708,1,0,0.962462,0.320137,0.213398,
0,1,0.256509,0.736107,3.03274,0,1,0.104932,0.661809,0.00517207,1,0,0.955931,0.318851,0.403869,
0,1,0.255588,0.745772,3.12799,0,1,0.111698,0.657357,0.100415,1,0,0.949762,0.316351,0.594341,
0,1,0.25378,0.755335,-3.05996,0,1,0.118889,0.653592,0.195658,1,0,0.944178,0.312729,0.784812,
0,1,0.251098,0.764715,-2.96471,0,1,0.126435,0.650554,0.290901,1,0,0.93938,0.308116,0.975283,
0,1,0.247558,0.77383,-2.86947,0,1,0.134264,0.648275,0.386143,1,0,0.935543,0.302677,1.16575,
0,1,0.243186,0.782602,-2.77423,0,1,0.142299,0.646782,0.481386,1,0,0.932804,0.296611,1.35623,
0,1,0.238015,0.790956,-2.67898,0,1,0.15046,0.646093,0.576629,1,0,0.931264,0.290135,1.5467,
0,1,0.232085,0.798818,-2.58374,0,1,0.158669,0.646216,0.671872,1,0,0.930977,0.283485,1.73717,
0,1,0.225443,0.80612,-2.4885,0,1,0.166843,0.647156,0.767115,1,2,0.931955,0.276901,1.92764,
0,1,0.21814,0.812796,-2.39326,0,1,0.174902,0.648906,0.862358,1,2,0.932065,0.276244,2.20383,
0,1,0.210236,0.818786,-2.29801,0,1,0.182765,0.651451,0.957601,1,2,0.932065,0.276244,2.48954,
0,1,0.201795,0.824036,-2.20277,0,1,0.190355,0.65477,1.05284,1,2,0.932065,0.276244,2.77526,
0,1,0.192885,0.828498,-2.10753,0,1,0.197595,0.658834,1.14809,1,2,0.932065,0.276244,3.06097,
0,1,0.183581,0.832129,-2.01228,0,1,0.204412,0.663606,1.24333,1,2,0.932065,0.276244,-2.9365,
0,1,0.17396,0.834894,-1.91704,0,1,0.210738,0.66904,1.33857,1,0,0.932065,0.276244,-2.65078,
0,1,0.164103,0.836767,-1.8218,0,1,0.216508,0.675088,1.43381,1,0,0.937357,0.279072,-2.45079,
0,1,0.154091,0.837725,-1.72656,0,1,0.221664,0.681691,1.52906,1,0,0.94257,0.283209,-2.26032,
0,1,0.144666,0.836762,-1.63131,0,1,0.225905,0.689136,1.6243,1,0,0.946901,0.288264,-2.06984,
0,1,0.135129,0.835306,-1.53607,0,1,0.230081,0.69601,1.71954,1,0,0.950197,0.294046,-1.87937,
0,1,0.125744,0.832978,-1.44083,0,1,0.23356,0.703284,1.81479,1,0,0.952338,0.300349,-1.6889,
0,1,0.11659,0.829792,-1.34558,0,1,0.236304,0.710884,1.91003,1,0,0.953248,0.306942,-1.49843,
0,1,0.107745,0.825772,-1.25034,0,1,0.238283,0.718738,2.00527,1,0,0.952892,0.313589,-1.30796,
0,1,0.0992859,0.820947,-1.1551,0,1,0.239474,0.726767,2.10051,1,0,0.951285,0.320048,-1.11749,
0,1,0.0912859,0.815353,-1.05986,0,1,0.239861,0.734894,2.19576,1,0,0.948484,0.326086,-0.927016,
0,1,0.0838151,0.809034,-0.964612,0,1,0.239439,0.743037,2.291,1,0,0.944591,0.331485,-0.736545,
0,1,0.0769395,0.802039,-0.869369,0,1,0.238207,0.751117,2.38624,1,0,0.939746,0.336049,-0.546073,
0,1,0.0707204,0.794425,-0.774126,0,1,0.236174,0.759052,2.48149,1,0,0.934124,0.339613,-0.355602,
0,1,0.0652138,0.786253,-0.678884,0,1,0.233358,0.766764,2.57673,1,0,0.927929,0.342048,-0.16513,
0,1,0.0604703,0.777589,-0.583641,0,1,0.229782,0.774175,2.67197,1,0,0.921386,0.343267,0.025341,
0,1,0.0565338,0.768504,-0.488398,0,1,0.22548,0.781212,2.76721,1,0,0.91473,0.343224,0.215812,
0,1,0.0534421,0.759074,-0.393155,0,1,0.22049,0.787802,2.86246,1,0,0.908202,0.341922,0.406284,
0,1,0.0512257,0.749376,-0.297912,0,1,0.214859,0.793879,2.9577,1,0,0.902039,0.339408,0.596755,
0,1,0.049908,0.739493,-0.202669,0,1,0.208641,0.799381,3.05294,1,0,0.896463,0.335773,0.787227,
0,1,0.0495046,0.729507,-0.107426,0,1,0.201892,0.804251,-3.135,1,0,0.891677,0.331147,0.977698,
0,1,0.0500237,0.719503,-0.0121836,0,1,0.194679,0.808439,-3.03976,1,0,0.887852,0.3257,1.16817,
0,1,0.0514656,0.709566,0.0830593,0,1,0.187071,0.811901,-2.94451,1,0,0.885129,0.319626,1.35864,
0,1,0.0538224,0.699782,0.178302,0,1,0.179139,0.814599,-2.84927,1,0,0.883604,0.313147,1.54911,
0,1,0.0570787,0.690234,0.273545,0,1,0.170961,0.816505,-2.75403,1,0,0.883333,0.306497,1.73958,
0,1,0.061847,0.682023,0.368788,0,1,0.162409,0.817237,-2.65878,1,2,0.884327,0.299915,1.93006,
0,1,0.0671207,0.673925,0.464031,0,1,0.15441,0.818154,-2.56354,1,2,0.884439,0.299258,2.20625,
0,1,0.0731278,0.666326,0.559274,0,1,0.14634,0.81827,-2.4683,1,2,0.884439,0.299258,2.49196,
0,1,0.0798217,0.659292,0.654516,0,1,0.13828,0.817582,-2.37306,1,2,0.884439,0.299258,2.77767,
0,1,0.0871493,0.652886,0.749759,0,1,0.130311,0.816091,-2.27781,1,2,0.884439,0.299258,3.06339,
0,1,0.0950522,0.647165,0.845002,0,1,0.122511,0.813811,-2.18257,1,2,0.884439,0.299258,-2.93408,
0,1,0.103466,0.642182,0.940245,0,1,0.11496,0.81076,-2.08733,1,0,0.884439,0.299258,-2.64837,
0,1,0.112323,0.637982,1.03549,0,1,0.107733,0.806965,-1.99208,1,0,0.889724,0.302099,-2.44837,
0,1,0.12155,0.634604,1.13073,0,1,0.100903,0.802462,-1.89684,1,0,0.894927,0.306249,-2.2579,
0,1,0.13107,0.632082,1.22597,0,1,0.0945385,0.797291,-1.8016,1,0,0.899246,0.311313,-2.06743,
0,1,0.140805,0.630441,1.32122,0,1,0.0887056,0.791501,-1.70636,1,0,0.902527,0.317104,-1.87696,
0,1,0.150673,0.629701,1.41646,0,1,0.0834638,0.785147,-1.61111,1,0,0.904654,0.323412,-1.68649,
0,1,0.16059,0.629871,1.5117,0,1,0.0788672,0.778289,-1.51587,1,0,0.905547,0.330008,-1.49602,
0,1,0.170473,0.630955,1.60694,0,1,0.0749639,0.770993,-1.42063,1,0,0.905176,0.336653,-1.30554,
0,1,0.180237,0.632948,1.70219,0,1,0.0717953,0.763329,-1.32538,1,0,0.903553,0.343109,-1.11507,
0,1,0.189798,0.635838,1.79743,0,1,0.0693956,0.755371,-1.23014,1,0,0.900737,0.34914,-0.924601,
0,1,0.199074,0.639605,1.89267,0,1,0.0677917,0.747197,-1.1349,1,0,0.896831,0.354529,-0.73413,
0,1,0.207985,0.644221,1.98792,0,1,0.0670025,0.738885,-1.03966,1,0,0.891975,0.359081,-0.543659,
0,1,0.216452,0.649652,2.08316,0,1,0.0670392,0.730517,-0.944413,1,0,0.886345,0.362632,-0.353187,
0,1,0.224401,0.655854,2.1784,0,1,0.0679048,0.722175,-0.84917,1,0,0.880144,0.365052,-0.162716,
0,1,0.231762,0.662778,2.27364,0,1,0.0695942,0.713942,-0.753928,1,0,0.873597,0.366255,0.0277557,
0,1,0.237214,0.670527,2.36889,0,1,0.07245,0.705875,-0.658685,1,0,0.866942,0.366196,0.218227,
0,1,0.242447,0.678686,2.46413,0,1,0.0749928,0.698215,-0.563442,1,0,0.860417,0.364879,0.408699,
0,1,0.246922,0.687311,2.55937,0,1,0.0782925,0.69083,-0.468199,1,0,0.85426,0.36235,0.59917,
0,1,0.250595,0.69633,2.65462,0,1,0.0823194,0.683793,-0.372956,1,0,0.848693,0.358701,0.789641,
0,1,0.253433,0.705671,2.74986,0,1,0.0870366,0.677177,-0.277713,1,0,0.843918,0.354064,0.980113,
0,1,0.255407,0.715256,2.8451,0,1,0.0924,0.671048,-0.18247,1,0,0.840107,0.348607,1.17058,
0,1,0.256496,0.725004,2.94034,0,1,0.0983591,0.665469,-0.0872276,1,0,0.837398,0.342527,1.36106,
0,1,0.256685,0.734835,3.03559,0,1,0.104857,0.660498,0.0080153,1,0,0.835889,0.336044,1.55153,
0,1,0.25597,0.744664,3.13083,0,1,0.111833,0.656187,0.103258,1,0,0.835634,0.329393,1.742,
0,1,0.25435,0.754409,-3.05711,0,1,0.119218,0.652581,0.198501,1,2,0.836644,0.322814,1.93247,
0,1,0.251835,0.763987,-2.96187,0,1,0.126942,0.649719,0.293744,1,2,0.836757,0.322157,2.20866,
0,1,0.248443,0.773314,-2.86663,0,1,0.134929,0.647631,0.388987,1,2,0.836757,0.322157,2.49437,
0,1,0.244197,0.782312,-2.77138,0,1,0.143103,0.646342,0.48423,1,2,0.836757,0.322157,2.78009,
0,1,0.239129,0.7909,-2.67614,0,1,0.151383,0.645868,0.579472,1,2,0.836757,0.322157,3.0658,
0,1,0.233279,0.799005,-2.5809,0,1,0.159687,0.646217,0.674715,1,2,0.836757,0.322157,-2.93167,
0,1,0.226692,0.806554,-2.48565,0,1,0.167935,0.647388,0.769958,1,0,0.836757,0.322157,-2.64595,
0,1,0.21942,0.81348,-2.39041,0,1,0.176045,0.649374,0.865201,1,0,0.842035,0.325011,-2.44596,
0,1,0.211522,0.819721,-2.29517,0,1,0.183936,0.652158,0.960444,1,0,0.847228,0.329173,-2.25549,
0,1,0.203064,0.825221,-2.19993,0,1,0.19153,0.655717,1.05569,1,0,0.851535,0.334248,-2.06502,
0,1,0.194113,0.829927,-2.10468,0,1,0.198752,0.660018,1.15093,1,0,0.854802,0.340047,-1.87454,
0,1,0.184745,0.833797,-2.00944,0,1,0.205529,0.665022,1.24617,1,0,0.856913,0.34636,-1.68407,
0,1,0.175419,0.835578,-1.9142,0,1,0.211668,0.671003,1.34142,1,0,0.857791,0.352958,-1.4936,
0,1,0.165809,0.836978,-1.81895,0,1,0.217567,0.676522,1.43666,1,0,0.857404,0.359602,-1.30313,
0,1,0.156089,0.837492,-1.72371,0,1,0.2229,0.682615,1.5319,1,0,0.855765,0.366054,-1.11266,
0,1,0.146339,0.837112,-1.62847,0,1,0.227612,0.689223,1.62714,1,0,0.852935,0.372078,-0.922187,
0,1,0.136642,0.835836,-1.53323,0,1,0.231652,0.696282,1.72239,1,0,0.849016,0.377458,-0.731715,
0,1,0.12708,0.833671,-1.43798,0,1,0.234979,0.703725,1.81763,1,0,0.844148,0.381998,-0.541244,
0,1,0.117736,0.83063,-1.34274,0,1,0.237556,0.711479,1.91287,1,0,0.83851,0.385535,-0.350773,
0,1,0.108688,0.826735,-1.2475,0,1,0.239356,0.719468,2.00812,1,0,0.832303,0.387941,-0.160301,
0,1,0.100017,0.822014,-1.15225,0,1,0.240355,0.727615,2.10336,1,0,0.825754,0.389127,0.0301703,
0,1,0.0917961,0.816503,-1.05701,0,1,0.240543,0.73584,2.1986,1,0,0.819098,0.389053,0.220642,
0,1,0.084099,0.810244,-0.961769,0,1,0.239912,0.744061,2.29384,1,0,0.812577,0.387719,0.411113,
0,1,0.0769933,0.803288,-0.866526,0,1,0.238467,0.752198,2.38909,1,0,0.806426,0.385176,0.601585,
0,1,0.0705427,0.79569,-0.771283,0,1,0.236218,0.760169,2.48433,1,0,0.800868,0.381513,0.792056,
0,1,0.0648053,0.787511,-0.67604,0,1,0.233184,0.767897,2.57957,1,0,0.796104,0.376865,0.982527,
0,1,0.0598337,0.778818,-0.580797,0,1,0.229392,0.775302,2.67482,1,0,0.792306,0.371399,1.173,
0,1,0.0556742,0.769683,-0.485555,0,1,0.224875,0.782312,2.77006,1,0,0.789612,0.365312,1.36347,
0,1,0.0523664,0.760181,-0.390312,0,1,0.219676,0.788855,2.8653,1,0,0.788118,0.358826,1.55394,
0,1,0.049943,0.750392,-0.295069,0,1,0.213842,0.794865,2.96054,1,0,0.78788,0.352174,1.74441,
0,1,0.0484289,0.740399,-0.199826,0,1,0.207429,0.800282,3.05579,1,2,0.788905,0.345597,1.93488,
0,1,0.0478418,0.730284,-0.104583,0,1,0.200496,0.80505,-3.13216,1,2,0.78902,0.344941,2.21107,
0,1,0.0481913,0.720135,-0.00934036,0,1,0.19311,0.809118,-3.03691,1,2,0.78902,0.344941,2.49679,
0,1,0.0504661,0.710936,0.0859025,0,1,0.185151,0.812227,-2.94167,1,2,0.78902,0.344941,2.7825,
0,1,0.0531446,0.70157,0.181145,0,1,0.177644,0.815261,-2.84643,1,2,0.78902,0.344941,3.06822,
0,1,0.0566789,0.692467,0.276388,0,1,0.169855,0.817539,-2.75118,1,2,0.78902,0.344941,-2.92925,
0,1,0.0610437,0.683706,0.371631,0,1,0.16186,0.819034,-2.65594,1,0,0.78902,0.344941,-2.64354,
0,1,0.0662064,0.675363,0.466874,0,1,0.153737,0.81973,-2.5607,1,0,0.794292,0.347807,-2.44354,
0,1,0.0721272,0.667511,0.562117,0,1,0.145567,0.819616,-2.46546,1,0,0.799474,0.351982,-2.25307,
0,1,0.0787599,0.660218,0.65736,0,1,0.13743,0.818689,-2.37021,1,0,0.803768,0.357068,-2.0626,
0,1,0.0860519,0.65355,0.752602,0,1,0.129407,0.816956,-2.27497,1,0,0.807022,0.362874,-1.87213,
0,1,0.0939445,0.647566,0.847845,0,1,0.121577,0.81443,-2.17973,1,0,0.809118,0.369192,-1.68166,
0,1,0.102374,0.64232,0.943088,0,1,0.11402,0.811133,-2.08448,1,0,0.80998,0.375792,-1.49119,
0,1,0.111271,0.637862,1.03833,0,1,0.10681,0.807094,-1.98924,1,0,0.809576,0.382436,-1.30071,
0,1,0.120562,0.634233,1.13357,0,1,0.10002,0.80235,-1.894,1,0,0.807922,0.388883,-1.11024,
0,1,0.130171,0.631468,1.22882,0,1,0.0937192,0.796945,-1.79876,1,0,0.805078,0.394901,-0.919772,
0,1,0.140016,0.629596,1.32406,0,1,0.0879712,0.790929,-1.70351,1,0,0.801145,0.400271,-0.729301,
0,1,0.150016,0.628636,1.4193,0,1,0.0828349,0.78436,-1.60827,1,0,0.796267,0.4048,-0.538829,
0,1,0.160085,0.628601,1.51455,0,1,0.0783635,0.777299,-1.51303,1,0,0.79062,0.408323,-0.348358,
0,1,0.170137,0.629497,1.60979,0,1,0.0746034,0.769814,-1.41778,1,0,0.784408,0.410713,-0.157886,
0,1,0.180088,0.63132,1.70503,0,1,0.0715947,0.761977,-1.32254,1,0,0.777855,0.411884,0.032585,
0,1,0.18985,0.63406,1.80027,0,1,0.0693699,0.753863,-1.2273,1,0,0.7712,0.411794,0.223056,
0,1,0.19934,0.637698,1.89552,0,1,0.067954,0.74555,-1.13206,1,0,0.764682,0.410445,0.413528,
0,1,0.208474,0.642206,1.99076,0,1,0.0673641,0.73712,-1.03681,1,0,0.758537,0.407886,0.603999,
0,1,0.215889,0.648097,2.086,0,1,0.0678392,0.728609,-0.94157,1,0,0.752988,0.40421,0.794471,
0,1,0.223365,0.6544,2.18125,0,1,0.0682595,0.7205,-0.846327,1,0,0.748235,0.399551,0.984942,
0,1,0.230247,0.66138,2.27649,0,1,0.0694862,0.712454,-0.751084,1,0,0.74445,0.394075,1.17541,
0,1,0.236474,0.668979,2.37173,0,1,0.0715103,0.704552,-0.655841,1,0,0.741771,0.387982,1.36589,
0,1,0.24199,0.677138,2.46697,0,1,0.0743153,0.696872,-0.560599,1,0,0.740293,0.381492,1.55636,
0,1,0.246745,0.68579,2.56222,0,1,0.0778765,0.689492,-0.465356,1,0,0.74007,0.37484,1.74683,
0,1,0.250693,0.694863,2.65746,0,1,0.0821618,0.682485,-0.370113,1,2,0.741112,0.368266,1.9373,
0,1,0.253798,0.704284,2.7527,0,1,0.087132,0.675923,-0.27487,1,2,0.741228,0.367609,2.21349,
0,1,0.256029,0.713973,2.84795,0,1,0.0927406,0.669873,-0.179627,1,2,0.741228,0.367609,2.4992,
0,1,0.257362,0.723849,2.94319,0,1,0.0989351,0.664395,-0.0843843,1,2,0.741228,0.367609,2.78492,
0,1,0.257782,0.73383,3.03843,0,1,0.105657,0.659546,0.0108585,1,2,0.741228,0.367609,3.07063,
0,1,0.257279,0.74383,3.13367,0,1,0.112841,0.655378,0.106101,1,2,0.741228,0.367609,-2.92684,
0,1,0.255854,0.753765,-3.05427,0,1,0.12042,0.651933,0.201344,1,0,0.741228,0.367609,-2.64112,
0,1,0.253514,0.763549,-2.95903,0,1,0.128321,0.649248,0.296587,1,0,0.746493,0.370488,-2.44113,
0,1,0.250275,0.773098,-2.86378,0,1,0.136466,0.647354,0.39183,1,0,0.751665,0.374676,-2.25066,
0,1,0.24616,0.782329,-2.76854,0,1,0.144777,0.646271,0.487073,1,0,0.755947,0.379772,-2.06019,
0,1,0.241199,0.791162,-2.6733,0,1,0.153173,0.646014,0.582316,1,0,0.759187,0.385586,-1.86971,
0,1,0.235431,0.799519,-2.57805,0,1,0.161572,0.646589,0.677559,1,0,0.761267,0.391909,-1.67924,
0,1,0.228901,0.807325,-2.48281,0,1,0.169892,0.647993,0.772801,1,0,0.762113,0.398511,-1.48877,
0,1,0.221661,0.814512,-2.38757,0,1,0.17805,0.650216,0.868044,1,0,0.761694,0.405154,-1.2983,
0,1,0.21377,0.821015,-2.29233,0,1,0.185967,0.65324,0.963287,1,0,0.760024,0.411597,-1.10783,
0,1,0.205331,0.825361,-2.19708,0,1,0.193509,0.657243,1.05853,1,0,0.757165,0.417608,-0.917357,
0,1,0.196486,0.829583,-2.10184,0,1,0.200706,0.661025,1.15377,1,0,0.75322,0.422969,-0.726886,
0,1,0.187269,0.832983,-2.0066,0,1,0.207507,0.665515,1.24902,1,0,0.748331,0.427486,-0.536415,
0,1,0.177756,0.835528,-1.91135,0,1,0.213843,0.670668,1.34426,1,0,0.742675,0.430995,-0.345943,
0,1,0.168026,0.837193,-1.81611,0,1,0.21965,0.676439,1.4395,1,0,0.736457,0.433371,-0.155472,
0,1,0.158161,0.837958,-1.72087,0,1,0.224867,0.682771,1.53474,1,0,0.729902,0.434526,0.0349997,
0,1,0.148244,0.837813,-1.62563,0,1,0.229441,0.689605,1.62999,1,0,0.723247,0.434419,0.225471,
0,1,0.138359,0.836754,-1.53038,0,1,0.233324,0.696875,1.72523,1,0,0.716732,0.433054,0.415943,
